0000000000000000000000000000000:
1100110000000001100000000000000:
  0000000000000000000000000000000
1111110000000011110000000000001:
  1100110000000001100000000000000
  1000010000000011000000000000001
1111101010000000111010000000000:
  1100110000000001100000000000000
1111101011011110111011100000000:
  1111101010000000111010000000000
  1111000101001110010101000000000
  1101000110010100001100000010000
  1111101000010010101010000010000
  1111101010010100000011100110000
  1101001000011111000100001000100
1111111100110011110110110000001:
  1111110000000011110000000000001
  1111101010000000111010000000000
  1101000111100011001101001000010
  1111101000010011000110001100100
  1111101010000001110000000010100
  1111100010000100111000000000001
  1111110000000011000110001100001
  1111100010000100001110001100001
  1101000110010000001100000010001
  1101000110010000000001101010001
1111111111111111111111110000001:
  1111101011011110111011100000000
  1111111100110011110110110000001
  1011111011111011111011110000000
  0011001111111110010010011010001
  1111000101001110010101000000001
  1111101000010010101010000010001
  1111001001011110101010100110001
  1111101010010100000011100110001
1111000101001110010101000000000:
  0000000000000000000000000000000
1011111011111011111011110000000:
  1101000111100011001101001000010
  1101000110010100001100000010000
  1111101000010011110000000000100
  1101001000011111000100001000100
  1111101000010011000110001100100
  1111101010000001110000000010100
  0011011101111000000110100111100
1111111111111111110010011010001:
  1111000101001110010101001000000
  1101000111011100001000101000001
  1101110111111011001101000011000
  0011001111111110010010011010001
  0011001111111110010100100101001
  0111101111111100111001000000110
  1111000101001110010101000000001
  1111000101000110010101001000001
  1101000110010100001001101000001
1111111111111111111111111111111:
  1111111111111111111111110000001
  1111111111111111110010011010001
  1101110111111011111101111111110
  0110111010111111111110111000001
  1110111011110111111111111000000
  0110111010111111111110110111111
  1011011111111101101001111100000
  1000011111111111111001111100001
  1000111011111001011101111100000
  0011001111111111110011111110101
  0011001111111110100010101001001
  0000011101111011111010101001000
  0011011101111000111011111110100
  1111111111111110010101000001101
  0111101111111101010101000001100
  0011001111111111110101000001101
  0011011101111000111101000001100
  0011011101111001101100011001110
  0000011101111010011011001101100
  0011111001111110010100101011101
  0000011101111011111010100110110
  0000011101111010011101111101010
  1111101000010010100001011000110
  1111110000000011001101010110111
  0000010111101101011110100111001
  1101000110010001011011101010101
  0000010111101100111001111100101
  0000010111101101010101111101111
  1111100010000101101001011000011
  1111100010000101100100110010011
  1100100010000111110100110010011
  0000111010110000111101010111011
  1100100010000111000010111110011
  0000111010110001101010111111111
  0100110101101010100110111111011
  1100100010000110100011011010111
  1111100010000100000101010110111
  0000010111101101011000010111111
1111000101001110010101001000000:
  1111000101001110010101000000000
  1101000110010100001100000010000
1101000111100011001101001000010:
  1100110000000001100000000000000
  1100110000000000001100000001010
1101000111011100001000101000001:
  1100100010000110101000000000001
1101000110010100001001101000000:
  0000000000000000000000000000000
1101110111111011111101111111110:
  1111101011011110111011100000000
  1011111011111011111011110000000
  1111101000010010100111101000000
  1101010110010111111111100100000
  0000011101111011110001111100000
  1111101010010100111110111111000
  1111101000010010111010000010000
  1101110111111011001101000011000
  1101000111100011111101111011010
  1101010110010111111111101011110
  1111101010001010111101101110000
  0000001111111100110010111110000
  0111101111111100000010101001000
  0011011101111001011100100101000
  0000011101111011110111000011000
  0000011101111011000111111111110
  1111000101001111000010101000100
  0010111001101110010110111100100
  0011011101111000001011011010100
  1111101010000001010110001110100
  0011011101111000001011001101100
  0000011101111010010110100111100
  1100110000000000001010111110010
  1101001000011111000100000111010
  0111101111111100111001000000110
  0000001111111100110010100110110
  1100110000000001011111010110110
  1100110000000000001111011110110
  0000011101111011110001110011110
  0000001111111100111001110011110
1101000110010100001101101000000:
  1100110000000001100000000000000
  1101000110010100001001101000000
  1100110000000000001100000001010
1111101000010010100111101000000:
  0000000000000000000000000000000
0110111010111111111110111000001:
  1101000110010100000101101010000
  0000011101111010010110100111100
  1111001001011110101010100110001
  1111100010000100110101101010001
  1111101010100000110001010101001
  1100110000000011001100000001011
1110111011110111111111111000000:
  1111101011011110111011100000000
  1101010110010111111111100100000
  0000001111111100110010111110000
  0011011101111000001011011010100
  0010111001101110010010010111100
  0000011101111011001010010101110
1101010110010111111111100100000:
  1101000110010100001100000010000
  1100110000000000001100001110100
0110111010111111111110110111111:
  1111111100110011110110110000001
  1111101010010100111110111111000
  1101000111100011111101111011010
  1111110000000011111101101010001
  0011001111111110010010011010001
  0011001111111110010100100101001
  1111110000000011110110111111001
  0000011101111011000111111111110
  0010111001101110010010010111100
  1111101000010011000110000011010
  0000011101111011001010010101110
  0000010101111111000101101111111
  1111100010000100111110111111001
  1111001001011110101010100110001
  1111100010000100110101101010001
  1101010110010011101101101011011
  1111100110010000111010001110001
  1111100010000100001101011001001
  1111110000000011001101011001001
  1111101010100000110001010101001
  1101010110010011110001011011001
  1111000101000111010110100000101
  1100100010000111000100001110101
  0000111010110000111011100111101
  0000010101101011110001110011011
  0000010111101100111001110011011
  1111100010000100001000111100111
  1111100010000100001110000011111
1100110000000001010110001100000:
  0000000000000000000000000000000
0000011101111011110001111100000:
  1100110000000001100000000000000
  1100110000000000001100001110100
1011011111111101101001111100000:
  1111000101001110010101001000000
  0011011101111001011100100101000
  0011011101111000001011001101100
  1111101000010011000110000011010
1000011111111111111001111100001:
  1111110000000011110000000000001
  1101000110010100001101101000000
  0000011101111011110001111100000
  1111101000010010111010000010000
  0000011101111011110111000011000
  1101000110010101101000000011010
  0000001111111100110010100110110
  1101000110010100001001101000001
  1101000110010000001101101000001
  1111101000010010101010000010001
  1101000110010000000001101010001
  1111110000000011001101011001001
  1111100010000101100010000010101
  1100100010000111110010000010101
  1100100010000111100100000001011
  1100110000000011001100000001011
  1101000110010001100000000011011
  1111100010000100001000111100111
  1111100010000100001110000011111
1000111011111001011101111100000:
  1100110000000001100000000000000
1101000110010100001100000010000:
  1100110000000001100000000000000
1111101000010010101010000010000:
  0000000000000000000000000000000
1111101010010100111110111111000:
  1111101010000000111010000000000
  1100110000000001101101101010000
  1100110001001011111101011001000
  1111101010000000110001010101000
  1111101010000001110000000010100
  1111101010000001101010000010100
  1100110000000001111010000010100
  0001001000000111111110001110100
1111101000010010111010000010000:
  1100110000000001100000000000000
  1111101000010010101010000010000
  1100110000000000001100000001010
1101110111111011001101000011000:
  1111101000010011110000000000100
  1101001000011111000100001000100
  1111000101001111000100011000010
1101000110010100000101101010000:
  1100110000000000001100000001010
1101000111100011111101111011010:
  1101000111100011001101001000010
  1100110000000001101101101010000
  1101001000011111000100001000100
  1100110000000000001100001110100
  0001001000000111111110001110100
1101010110010111111111101011110:
  1111000101001110010101001000000
  1101000110010100001101101000000
  1101000110010100000101101010000
  1100110001001011111101011001000
  1100110000000001111010000010100
  0001001000000111111110001110100
  0000000000000001111111111001100
  0011011101111000000110100111100
  1111000101001111000100011000010
  1101000110010101101000000011010
  1100110000000001011101010110110
  0000000000000001111111101001110
  1100110000000001011110000011110
1100110000000001101101101010000:
  1100110000000001100000000000000
  0000000000000001101100000001010
1111110000000011111101101010001:
  1111110000000011110000000000001
  1100110000000001101101101010000
  1000010000000011110110001100001
0011001111111110010010011010001:
  1111110000000011110000000000001
  1101000110010100001100000010000
  1111101000010011110000000000100
  1101001000011111000100001000100
  1100100010000110101000000000001
  1111100010000100111000000000001
  1101000110010000001100000010001
1111101010001010111101101110000:
  1101000110010100001100000010000
  1100110000000001101101101010000
  1111101010010100000011100110000
  1111101010000001101010000010100
  1100110000000000001100001110100
1111101010010100000011100110000:
  0000000000000000000000000000000
0011001111111111110011111110101:
  1111110000000011111101101010001
  0011001111111110010010011010001
  1111101010001010111101101110000
  0000001111111100110010111110000
  0010111001101110010110111100100
  1111101010100001010110000001011
  0000011101111011110001110011110
  0000001111111100111001110011110
  1111000101000110110111000100001
  1111101010010100000011100110001
  1111100110010000111010001110001
  1111100010000100001101011001001
  1101010110010011110001011011001
  1111000101000111010110100000101
  1111100010000101100010000010101
  1100100010000111111001011000011
  0000010101101011110001110011011
  0000010111101100111001110011011
0000001111111100110010111110000:
  1100110000000001010110001100000
  1101001000011111000100001000100
  1100110000000000001100001110100
0111101111111100000010101001000:
  1111000101001110010101000000000
0011001111111110100010101001001:
  1100100010000110101000000000001
  1111101000010010101010000010001
0000011101111011111010101001000:
  0000000000000000000000000000000
1100110000000001011101011001000:
  0000000000000000000000000000000
1100110001001011111101011001000:
  1101000110010100001100000010000
  1100110000000001011101011001000
  0000000000000001101100001110100
0011001111111110010100100101001:
  1101001000011111000100001000100
  1111100010000100111000000000001
0011011101111001011100100101000:
  0000000000000000000000000000000
1111101010000000110001010101000:
  1100110000000001100000000000000
  1100110000000000001100000001010
0000011101111011110111000011000:
  1100110000000001100000000000000
  1100110000000000001100001110100
1101000110010100001111010111000:
  1101000110010100001100000010000
  1100110000000001111010000010100
1111110000000011110110111111001:
  1111110000000011110000000000001
  1100110000000001111010000010100
  0001001000000111111110001110100
  1100110000000001101011011010110
  1111110000000011000110001100001
  1000010000000011110110001100001
  1000010000000011111101011001001
  1000010000000011000110111111001
  1100110000000011001100000001011
  1000010000000011101100000001011
0000011101111011000111111111110:
  1100110000000001101101101010000
  1111101000010011110000000000100
  1111101000010011000110001100100
  0001001000000111111110001110100
  1100110000000001101011011010110
1111101000010011110000000000100:
  1100110000000001100000000000000
1101001000011111000100001000100:
  1100110000000001100000000000000
1111000101001111000010101000100:
  0000000000000000000000000000000
1111101000010011000110001100100:
  1100110000000001100000000000000
  1100110000000000001100000001010
0010111001101110010110111100100:
  1101000110010100001100000010000
  1100110000000000001100001110100
1111101010000001110000000010100:
  1100110000000001100000000000000
  1100110000000000001100000001010
1111101010000001101010000010100:
  1100110000000001100000000000000
  1100110000000001010110001100000
1100110000000001111010000010100:
  1100110000000001100000000000000
  1100110000000001010110001100000
  0000000000000001101100000001010
0011011101111000001011011010100:
  1111000101001110010101000000000
  1100110000000000001100001110100
1100110000000000001100001110100:
  0000000000000000000000000000000
0000000000000001101100001110100:
  0000000000000000000000000000000
1111101010000001010110001110100:
  1100110000000000001100000001010
0001001000000111111110001110100:
  1100110000000001100000000000000
  0000000000000001101100001110100
  1100110000000000001100000001010
  0000000000000001101100000001010
0011011101111000111011111110100:
  0011011101111000001011011010100
  1100110000000000001111011110110
1111111111111110010101000001101:
  0111101111111100000010101001001
0111101111111101010101000001100:
  1111000101001111000010101000100
0011001111111111110101000001101:
  1101001000011111000100000111010
  1000010000000011000000000000001
0011011101111000111101000001100:
  0000000000000000000000000000000
0011011101111001101100011001110:
  1111000101001110010101001000000
  1101000110010100001111010111000
0000000000000001111111111001100:
  0000000000000001101100001110100
0011011101111000001011001101100:
  0000000000000000000000000000000
0000011101111010011011001101100:
  0000000000000000000000000000000
0011111001111110010100101011101:
  1111101000010010100111101000000
  1111000101000110010101001000001
  1111101010010100000011100110001
0011011101111000000110100111100:
  1100110000000000001100000001010
0000011101111010010110100111100:
  0000000000000000000000000000000
0010111001101110010010010111100:
  1101000110010100001100000010000
  1100110000000000001100001110100
1111000101001111000100011000010:
  1100110000000001100000000000000
  1101000110010100001001101000000
0000011101111011111010100110110:
  1111101000010010111010000010000
  1100110000000001111010000010100
  1100110000000001011110000011110
1100110000000000001010111110010:
  0000000000000000000000000000000
0000000000000001101010111110010:
  0000000000000000000000000000000
1100110000000000001100000001010:
  0000000000000000000000000000000
0000000000000001101100000001010:
  0000000000000000000000000000000
1111101010100001010110000001011:
  1000010000000011000000000000001
0000011101111010011101111101010:
  1100110000000000001100001110100
  1100110000000000001100000001010
1101000110010101101000000011010:
  1100110000000001100000000000000
  1100110000000000001100000001010
1111101000010011000110000011010:
  0000000000000000000000000000000
1101001000011111000100000111010:
  0000000000000000000000000000000
0111101111111100111001000000110:
  1101001000011111000100001000100
1111101000010010100001011000110:
  0000000000000000000000000000000
1100110000000001101011011010110:
  1100110000000001100000000000000
  0000000000000001101100001110100
0000001111111100110010100110110:
  1100110000000001100000000000000
  1100110000000000001100001110100
1111110000000011001101010110111:
  1100110000000000001010111110010
  1000010000000011000000000000001
1100110000000001011101010110110:
  0000000000000000000000000000000
0000000000000001111101010110110:
  0000000000000001101010111110010
1100110000000001011111010110110:
  1100110000000000001100001110100
  0000000000000001101100000001010
  1100110000000001011101010110110
1100110000000000001111011110110:
  1100110000000000001100001110100
  0000000000000001101100001110100
0000000000000001111111101001110:
  0000000000000001101100001110100
  0000000000000001101100000001010
  0000000000000001111101010110110
0000011101111011001010010101110:
  1100110000000001100000000000000
  1100110000000001010110001100000
1100110000000001011110000011110:
  1100110000000001011101011001000
  1100110000000000001100000001010
  0000000000000001101100000001010
0000011101111011110001110011110:
  1100110000000001101101101010000
  1111101000010011110000000000100
0000001111111100111001110011110:
  1100110000000001101101101010000
  1101001000011111000100001000100
0000010101111111000101101111111:
  1111101010000000111010000000000
  1100110000000001101101101010000
  1101000110010000001100000010001
  1000010000000011101100000001011
1000010000000011000000000000001:
  0000000000000000000000000000000
1100100010000110101000000000001:
  1000010000000011000000000000001
1111100010000100111000000000001:
  1100110000000001100000000000000
  1000010000000011000000000000001
1111000101001110010101000000001:
  1111000101001110010101000000000
  1100100010000110101000000000001
1111000101000110010101001000001:
  1100100010000110101000000000001
  1101000110010000001100000010001
1101000110010100001001101000001:
  1101000110010100001001101000000
  1000010000000011000000000000001
  1100100010000111000100000001011
1101000110010000001101101000001:
  1100110000000001100000000000000
  1000010000000010101100000001011
1111000101000110110111000100001:
  1100110000000001010110001100000
  1100100010000110101000000000001
1111110000000011000110001100001:
  1100110000000000001100000001010
  1000010000000011000000000000001
1000010000000011110110001100001:
  0000000000000001101100000001010
  1000010000000011000000000000001
1111100010000100001110001100001:
  1100110000000000001100000001010
  1000010000000011000000000000001
1111100010000100111110111111001:
  0001001000000111111110001110100
  1111100010000100111000000000001
  1000010000000011110110001100001
  1111100010000100001110001100001
  1000010000000011111101011001001
1101000110010000001100000010001:
  1100110000000001100000000000000
  1000010000000011000000000000001
1111101000010010101010000010001:
  1111101000010010101010000010000
  1000010000000011000000000000001
1111001001011110101010100110001:
  1101001000011111000100001000100
  1100100010000110101000000000001
  1101000110010000001100000010001
  1111100010000100000101011001001
  1111000101000111001000110010011
1101000110010000000001101010001:
  1100110000000000001100000001010
  1000010000000011000000000000001
1111100010000100110101101010001:
  1100110000000001100000000000000
  1000010000000010101100000001011
1101010110010011101101101011011:
  0001001000000111111110001110100
  1111000101000110010101001000001
  1101000110010000001101101000001
  1000010000000011110110001100001
  1101000110010000000001101010001
  1100100010000110111011100110001
  1100100010000111110010000010101
  1111000101000111001000110010011
  1000010000000011101100000001011
  1101000110010001100000000011011
1111101010010100000011100110001:
  1111101010010100000011100110000
  1100100010000110101000000000001
  1111100010000100000101011001001
1100100010000110010011100110001:
  0000000000000000000000000000000
1100100010000110111011100110001:
  0000000000000001101100001110100
  1100100010000110101000000000001
  1100100010000110010011100110001
  1000010000000010101100001110101
1111100110010000111010001110001:
  1111101010000001101010000010100
  1101000110010000001100000010001
0111101111111100000010101001001:
  0111101111111100000010101001000
  1111000101001110010101000000001
1111100010000100000101011001001:
  0000000000000000000000000000000
1111100010000100001101011001001:
  1100110000000000001100001110100
  1000010000000011000000000000001
  1111100010000100000101011001001
1111110000000011001101011001001:
  1100110000000000001100001110100
  1000010000000011000000000000001
1000010000000011111101011001001:
  0000000000000001101100001110100
  1000010000000011000000000000001
1111101010100000110001010101001:
  1111101010000000110001010101000
  1101000110010000001100000010001
  1101000110010000000001101010001
1101010110010011110001011011001:
  1100110000000000001100001110100
  1100100010000110101000000000001
0000010111101101011110100111001:
  0000000000000000000000000000000
1000010000000011000110111111001:
  0000000000000001101100001110100
  1000010000000011000000000000001
1111000101000111010110100000101:
  1100110000000000001100001110100
  1100100010000110101000000000001
1101000110010001011011101010101:
  1100110000000001011110000011110
  1101000110010000000001101010001
  1000010000000011101100000001011
0000010111101100111001111100101:
  1100110000000001100000000000000
  1000010000000010101100001110101
1111100010000101100010000010101:
  0000000000000000000000000000000
1100100010000111110010000010101:
  1000010000000011000000000000001
  1000010000000010101100000001011
1100100010000111000100001110101:
  0000000000000000000000000000000
1000010000000010101100001110101:
  0000000000000000000000000000000
0000010111101101010101111101111:
  1100110000000001011111010110110
  1111100010000100001101011001001
  1000010000000011101100000001011
0000111010110000111011100111101:
  1100100010000110101000000000001
  1000010000000011111101011001001
1111100010000101101001011000011:
  1100110000000001010110001100000
  1000010000000011000000000000001
1100100010000111111001011000011:
  1100100010000110101000000000001
  1000010000000011110110001100001
1111000101000111001000110010011:
  1100100010000110010011100110001
1111100010000101100100110010011:
  0000000000000000000000000000000
1100100010000111110100110010011:
  1000010000000011000000000000001
  1000010000000010101100001110101
0000111010110000111101010111011:
  1000010000000011000000000000001
  1000010000000010101010111110011
1100100010000111000010111110011:
  0000000000000000000000000000000
1000010000000010101010111110011:
  0000000000000000000000000000000
0000111010110001101010111111111:
  0000000000000001111111101001110
  1100100010000110111011100110001
  1100100010000111100100000001011
  1000010000000011101100000001011
  1000010000000011111101010110111
1100100010000111000100000001011:
  0000000000000000000000000000000
1100100010000111100100000001011:
  1000010000000011000000000000001
  1100100010000111000100000001011
  1000010000000010101100000001011
1100110000000011001100000001011:
  1100110000000000001100000001010
  1000010000000011000000000000001
  1000010000000010101100000001011
1000010000000010101100000001011:
  0000000000000000000000000000000
1000010000000011101100000001011:
  0000000000000001101100000001010
  1000010000000011000000000000001
  1000010000000010101100000001011
1101000110010001100000000011011:
  1100110000000000001100000001010
  1000010000000011000000000000001
0000010101101011110001110011011:
  1100110000000001101101101010000
  1000010000000011110110001100001
  1101000110010000001100000010001
0000010111101100111001110011011:
  1100110000000001101101101010000
  1111100010000100111000000000001
  1000010000000011110110001100001
0100110101101010100110111111011:
  1100110000000000001111011110110
  1111000101000111010110100000101
  0000111010110000111011100111101
1111100010000100001000111100111:
  1100110000000000001100001110100
  1000010000000011000000000000001
1100100010000110100011011010111:
  1000010000000011000000000000001
  1000010000000010101100001110101
1111100010000100000101010110111:
  0000000000000000000000000000000
1000010000000011111101010110111:
  0000000000000001111101010110110
  1000010000000011000000000000001
1111100010000100001110000011111:
  1100110000000000001100001110100
  1000010000000011000000000000001
0000010111101101011000010111111:
  1100110000000001011101011001000
  1000010000000011000000000000001
