0000000000000000000000000000000
1100110000000001100000000000000
1111110000000001110000000000000
1100100010000110101000000000000
1111100010000110111000000000000
1111101010000000111010000000000
1111101010000110111010000000000
1111000101001110010101000000000
1111111100001101100010001000000
1111000101000110010101001000000
1101000111000000001101001000000
1101000111011100001000101000000
1101000110010100001001101000000
1111101000010010100111101000000
1100110000000001010110001100000
0000011101111011110001111100000
1101000110010100001100000010000
1111101000010010101010000010000
1101000111011000001101000010000
1111000001000110011000100010000
1101000111011000000001101010000
1100110000000001101101101010000
0011001111111110010010011010000
1111101010010100000011100110000
1100100010000110010011100110000
0111101111111100000010111110000
0011001111111110100010111110000
0000001111111100110010111110000
0010111011101111000101111110000
0111101111111100000010101001000
0011001111111110100010101001000
0011001111111100110010101001000
0000011101111011111010101001000
1100110000000001011101011001000
0011001111111110010100100101000
0011011101111001011100100101000
1111101010000000110001010101000
0010111011101111000011010101000
0011001111111100000100111101000
0000001111111110010100111101000
0011001111111110010100111101000
0000011101111011110111000011000
0011011101111001010111100111000
0011001111111100000100110111000
0000001111111100000110111111000
0000011101111011000111111111000
1111101000010011110000000000100
1111001001000001010000100000100
1101001000011111000100001000100
1111000101001111000010101000100
1101001000011111110010000100100
1111101000010011000110001100100
0010111001101110010100111100100
0010111001101010010110111100100
1100100010000111110010000010100
1111110000000001101010000010100
1100110000000001111010000010100
0011011101111000001011011010100
1111001001000001101011000110100
0010111011101110010010010110100
0001111110111000000110110110100
1100100010000111000100001110100
1100110000000000001100001110100
0000000000000001101100001110100
0000110110011110101001101110100
0000110111011110101001101110100
0111101111111101010011111110100
0011011101111000111011111110100
1111111111111110010101000001100
0111101111111101010101000001100
0011001111111101110101000001100
0011011101111000111101000001100
0000111110111001100111010001100
0000111110111000111011101001100
0011011101111001101100011001100
0000111010111001101010110101100
0011011101111000001011001101100
0000011101111010011011001101100
0010111011101110011001000011100
0000110110011110011111110011100
0011011101111000000110100111100
0000011101111010010110100111100
0000111010110000111011100111100
0010111001101110010010010111100
0010111000101110110010110111100
1110000001000111000100011111100
0001111110111000111011100000010
1110000001000111000100010000010
1111001001000001010110010000010
1111000101001111000100011000010
1100100010000111111001011000010
0010111001101111010011001100010
1111001001000001100000011100010
0010111000101111010011011100010
1111000101000111001000110010010
1100100010000111110100110010010
0010111011101110010100100110010
0000011101111011111010100110010
0010110111011110010010010110010
0000110110011110101111011110010
1100100010000111000010111110010
1100110000000000001010111110010
0000000000000001101010111110010
0000111010110001101010111110010
1100100010000111000100000001010
1100100010000111100100000001010
1100110000000000001100000001010
0000000000000001101100000001010
1100110000000001101100000001010
1111111111111110010011100001010
0111101111111101010011100001010
0011001111111101110011100001010
0011011101111000111011100001010
1110000001000111111001001001010
1111001001000001101011001001010
0010111001101111101100010101010
0000010100011110011111101101010
0011011101111000001101111101010
0000011101111010011101111101010
1101000110010101101000000011010
1111101000010011000110000011010
1101000111011001100001000011010
0010111001101010011111100011010
1101001000011111000100000111010
0000111010110000111101010111010
0111101111111100111001000000110
0010111001101011110001101000110
1111101000010010100001011000110
0010111000100110110010111100110
0010111011101111110101000010110
1100100010000110100011011010110
1100110000000001101011011010110
0111101111111100000010100110110
0011001111111110100010100110110
0000001111111100110010100110110
1111110000000000001101010110110
1100110000000001011101010110110
0000000000000001111101010110110
0010111011101111000011001110110
0011001111111110010010010101110
0000011101111011001010010101110
0000011101111011110001110011110
0111101111111100001001110011110
0011001111111110101001110011110
0000001111111100111001110011110
0010111001101010110110010111110
0010111000100011110111010111110
0000010100011111000101101111110
0000010101011111000101101111110
1000010000000011000000000000001
1100110000000011100000000000001
1111110000000011110000000000001
1100100010000110101000000000001
1111100010000100111000000000001
1111000101001110010101000000001
1111101011100000111010010000001
1111000101000110010101001000001
1101000111011100001000101000001
1101000110010100001001101000001
1101000110010000001101101000001
1111110000000011000110001100001
1000010000000011110110001100001
1111100010000100001110001100001
1101000100010000001100000010001
1101000110010000001100000010001
1101000110010100001100000010001
1101000111011000001101000010001
1111000001000110011000100010001
1101000111010000001100100010001
1101000110010000000001101010001
1111100010000100110101101010001
1100100010000110010011100110001
1101000100010000111100110001001
0111101111111100000010101001001
0000001111111110110010101001001
1111100010000100000101011001001
1111110000000011001101011001001
1000010000000011111101011001001
0011011101111001011100100101001
0011001111111100000100111101001
1101000100010000001010111101001
0000010111101101011110100111001
0011011101111001010111100111001
0000001111111100000110111111001
1000010000000011000110111111001
1111000101001111000010101000101
0010110111100000111011111000101
0000111010111001101010110100101
1101000100010001100000001100101
0010111001101010010110111100101
0010111000100110010110111100101
0000010111101100111001111100101
1111100010000101100010000010101
1100100010000111110010000010101
1100110000000011111010000010101
1111101011100001100000010010101
0011011101111000001011011010101
0000110110111110010100110110101
0001111110111000000110110110101
1100100010000111000100001110101
1000010000000010101100001110101
0000011100110000111011111110101
0011011101111000111101000001101
0000111110111001100111010001101
1101001000100001101101101001101
0000111110111000111011101001101
0011011101111001101100011001101
1101000100010001101011011001101
0000111010111000110110001101101
0011011101111000001011001101101
0000010111101101010101111101101
0000110110111110011111100011101
0011011101111000000110100111101
0000111010110000111011100111101
0000110110111110101001101111101
1110000001000111000100011111101
1111001000100001010110000000011
0001111110111000111011100000011
1110000001000111000100010000011
1111001001100001010110010000011
1111000101001111000100011000011
1111100010000101101001011000011
1100100010000111111001011000011
1101001000100001100000001100011
0010111001101011010001011100011
1101000100010001100110111100011
1111100010000101100100110010011
1100100010000111110100110010011
0000010101111111001100101010011
0010110111100000111011100110011
0000111010110000111101010110011
1100100010000111000010111110011
1000010000000010101010111110011
0000111010110001101010111110011
1100100010000111000100000001011
1100100010000111100100000001011
1100110000000011001100000001011
1000010000000010101100000001011
1000010000000011101100000001011
0011011101111000111011100001011
1110000001000111111001001001011
1101000100010001101101101001011
0000010101101011111100011001011
0000110110111110010100111001011
0011011101111000001101111101011
1101000110010001100000000011011
1101000110010101101000000011011
0000010111101100111001110011011
0010110111100000001101111011011
0000010111101100000110111111011
1111100010000100001000111100111
0010111000100110110010111100111
1100100010000110100011011010111
1111100010000100000101010110111
1000010000000010111101010110111
1101000100010000111010000001111
1111100010000100001110000011111
0000010111101101011000010111111
0010111001101010110110010111111
0010111000100011110111010111111
0000000011110010011101110111111
0000011100110000000110111111111
