1. 0000000000000000000000000000000
 from: 1, operation 1,2
2. 1000010000000011000000000000001
 from: 0011, operation 0,0
3. 1100110000000001100000000000000
 from: 0110, operation 0,0
4. 1111110000000001110000000000000
 from: 0111, operation 0,0
5. 0000000000000001101100000001010
 from: 1110000000, operation: 0,1
6. 0000000000000001101100001110100
 from: 1100110000, operation: 0,1
7. 1100110000000000001100000001010
 from: 1100110000, operation: 0,1
8. 0000000000000001111110001110100
 from: 0000110111, operation: 0,1
9. 1101000111000000001101001000000
 from: 0000110111, operation: 0,1
10. 1100110000000000001100001110100
 from: 0011011100, operation: 0,1
11. 1101000111000000001101101010000
 from: 0011011101, operation: 0,1
12. 1101001000011111000100001000100
 from: 0011001111, operation: 0,1
13. 1100110000000001101101101010000
 from: 0011001111, operation: 0,1
14. 1100100010000111000100000001011
 from: 1100110000000000001100000001010, operation 1,1
15. 0000011111111111111001111100000
 from: 1100110000000001101100000001010, operation 1,1
16. 1111111110000001111110000000000
 from: 1101000111000000001101001000000, operation 1,1
17. 1100100010000111000100001110101
 from: 1100110000000000001100001110100, operation 1,1
18. 1111101010000001010110000001010
 from: 1100110000000000001100001110100, operation 1,1
19. 1111111100001101100110001000000
 from: 1100110000000000001111010101010, operation 1,1
20. 1111111100000001110110000000000
 from: 1101001000011111000100001000100, operation 1,1
21. 1111101010000001010110001110100
 from: 1100110000000001101101101010000, operation 1,1
22. 1111110000000001111101101010000
 from: 1100110000000001101101101010000, operation 1,1
23. 1101000111011100001000101000000
 from: 1100100010000111000100000001011, operation 1,1
24. 1111111100001101100010001000000
 from: 1101000110010100001101101000001, operation 1,1
25. 0011001111111110100010111110000
 from: 1101000110010100001101101000001, operation 1,1
26. 1111000101001111000010101000100
 from: 1100100010000111000100001110101, operation 1,1
27. 0000111010111111101010110100000
 from: 1100100010000111000100001110101, operation 1,1
28. 1101000110010000110001011011001
 from: 1111101010000001010110000001010, operation 1,1
29. 0000111010111001011101111100000
 from: 1111101010000001010110000001010, operation 1,1
30. 0000111011111011101011110000000
 from: 0010111001111100000010011011011, operation 1,1
31. 1101000111011000001101101000000
 from: 0010111001111100000010011011011, operation 1,1
32. 0011011101111000111011111110100
 from: 1111101010000001010110001110100, operation 1,1
33. 0011001111111110100010101001000
 from: 1111000101001111000010101000100, operation 1,1
34. 0000010101011111000101101111110
 from: 0010111001101010010110111100101, operation 1,1
35. 0010111001101110010100101011100
 from: 0011001111111110100010101001000, operation 1,1
36. 1111101010010100111010000010000
 from: 0000010101111111000101101111111, operation 1,1
37. 1101000110010100001101101010000
 from: 0000010101111111000101101111111, operation 1,1
38. 0011011111111101101001111100000
 from: 0011001111111110100010100110111, operation 1,1
39. 0000111010111001111110111000000
 from: 0011001111111110100010100110111, operation 1,1
40. 0010111011110101111111111000000
 from: 0011001111111110101001110011111, operation 1,1
41. 0011001111111110010010011010000
 c: 1110001111010100001110100000001
 from: 1111111100000001110110000000000 and 0011011100
 connectWay: [0,0,1,1,2]
 connectOrder: [0,1,5,2,4,3]
42. 1100110000000001010110111111000
 c: 1110001110000001101110000001010
 from: 1111111100000001110110000000000 and 0011001111
 connectWay: [0,0,2,1,1]
 connectOrder: [0,1,4,5,2,3]
43. 0000000000000001111111111001100
 c: 0000000000000001011110111111010
 from: 1101000111011100001000101000000 and 0110
 connectWay: [0,1,2,2]
 connectOrder: [0,4,1,2,3,5]
44. 1100110000000000001111011110110
 c: 0010100000001101111101110010010
 from: 1101000111011100001000101000000 and 1100110000
 connectWay: [0,1,2,2,2]
 connectOrder: [1,5,0,2,3,4]
45. 1000010000000011110110001100001
 c: 0010001000000101100011100100101
 from: 1100110000000001101101101010000 and 0011011100
 connectWay: [0,0,1,1,2]
 connectOrder: [0,1,2,4,3,5]
46. 1101000110010101101000000011010
 c: 0100111000011010010110001100100
 from: 1100110000000001101101101010000 and 0011001111
 connectWay: [1,1,0,0,2]
 connectOrder: [1,4,0,2,3,5]
47. 1111101000010011000110001100100
 c: 0101101000111010010110001011000
 from: 1100110000000001101101101010000 and 0011001111
 connectWay: [1,1,0,0,2]
 connectOrder: [1,4,2,3,0,5]
48. 1111110000000011000110001100001
 c: 0010110111100000000110100001101
 from: 1101001000011111000100001000100 and 0011001111
 connectWay: [0,0,1,1,2]
 connectOrder: [1,4,2,3,5,0]
49. 0000001111111100110010100110110
 c: 1101001000011110011000111010110
 from: 1101001000011111000100001000100 and 1100110000000001101101101010000
 connectWay: [2,0,1,1,0,2]
 connectOrder: [3,2,0,1,4,5]
50. 0000011101111011110111000011000
 c: 1111001100010101101001010110010
 from: 1101001000011111000100001000100 and 1101001000011111000100001000100
 connectWay: [0,0,1,1,2,2]
 connectOrder: [1,4,2,3,0,5]
51. 1101000110010000001101101010001
 c: 0100100011110001101101100101111
 from: 1100110000000000001100001110100 and 0110
 connectWay: [2,2,2,2]
 connectOrder: [0,2,4,1,3,5]
52. 1111101010000110111010000000000
 c: 1101111110011111100100001010100
 from: 0000000000000001101100001110100 and 1101000111011100001000101000000
 connectWay: [2,2,2,2,2,2]
 connectOrder: [0,1,2,4,5,3]
53. 0000011101111011000111111111000
 c: 1000110001101111111001111101110
 from: 0000010101011111000101101111110 and 0011001111
 connectWay: [0,0,1,2,1]
 connectOrder: [1,4,5,0,2,3]
54. 0000001111111100110010111110000
 c: 1100111001100101110010011100010
 from: 0000000000000001111111111001100 and 0011
 connectWay: [2,2,2,2]
 connectOrder: [0,1,4,2,3,5]
55. 1111101010000000110001100110000
 c: 1111010000001101100111101100100
 from: 1000010000000011110110001100001 and 0011011100
 connectWay: [0,1,0,2,1]
 connectOrder: [0,3,2,1,4,5]
56. 0000011101111011110001110011110
 c: 0111001101100011110111110100100
 from: 1000010000000011110110001100001 and 0011011100
 connectWay: [1,1,0,0,2]
 connectOrder: [0,1,3,4,2,5]
57. 1101000111011000001101000010000
 c: 0111111101111010010110010100100
 from: 1000010000000011110110001100001 and 0011011100
 connectWay: [1,1,0,0,2]
 connectOrder: [0,3,1,4,2,5]
58. 1111101010000000111010000000000
 c: 1110001100011000000111100000000
 from: 1000010000000011110110001100001 and 0011001111
 connectWay: [0,0,1,1,2]
 connectOrder: [0,1,2,3,4,5]
59. 0000010101101011110001110011011
 c: 0010011101000100001111111010011
 from: 1000010000000011110110001100001 and 0011001111
 connectWay: [0,0,1,1,2]
 connectOrder: [0,1,4,5,2,3]
60. 1111101000010011110000000000100
 c: 1111001100010100001110000010000
 from: 1000010000000011110110001100001 and 0011001111
 connectWay: [0,0,1,1,2]
 connectOrder: [1,4,2,3,0,5]
61. 0000010111101100111001110011011
 c: 0010111101001000001101111110011
 from: 1000010000000011110110001100001 and 0011001111
 connectWay: [0,1,0,1,2]
 connectOrder: [0,1,4,5,2,3]
62. 0000001111111100111001110011110
 c: 1101001000011111111001011110010
 from: 1000010000000011110110001100001 and 0011001111
 connectWay: [0,1,0,2,1]
 connectOrder: [1,2,4,3,0,5]
63. 0111101111111100111001000000110
 c: 0111111101111011000111000011000
 from: 1000010000000011110110001100001 and 0011001111
 connectWay: [1,1,0,0,2]
 connectOrder: [1,0,2,3,4,5]
64. 1111100010000100111110001100001
 c: 1101100000010111111010000010101
 from: 1000010000000011110110001100001 and 1111111100000001110110000000000
 connectWay: [0,1,0,0,1,1]
 connectOrder: [0,1,2,3,4,5]
65. 0011011101111000000110100111100
 c: 0001011100111001010111110000000
 from: 1000010000000011110110001100001 and 1101001000011111000100001000100
 connectWay: [0,2,0,2,1,1]
 connectOrder: [0,5,1,4,2,3]
66. 1111101010000001110000000010100
 c: 0111010000111001010001110000000
 from: 1000010000000011110110001100001 and 1101001000011111000100001000100
 connectWay: [0,2,1,1,0,2]
 connectOrder: [0,5,1,4,2,3]
67. 1100110000000001101011011010110
 c: 0100010000100101010101010111110
 from: 1000010000000011110110001100001 and 1101001000011111000100001000100
 connectWay: [0,2,1,1,0,2]
 connectOrder: [1,0,2,3,4,5]
68. 1101000110010000001100000010001
 c: 1011010010000101011000000000001
 from: 1000010000000011110110001100001 and 1000010000000011110110001100001
 connectWay: [0,0,0,1,1,1]
 connectOrder: [0,1,2,3,4,5]
69. 1111100010000100111000000000001
 c: 1111010100000101010100000000001
 from: 1000010000000011110110001100001 and 1000010000000011110110001100001
 connectWay: [0,0,0,1,1,1]
 connectOrder: [0,2,3,1,4,5]
70. 1111100010000100001110001100001
 c: 1010010111000100001110100000101
 from: 1000010000000011110110001100001 and 1000010000000011110110001100001
 connectWay: [0,0,1,1,2,2]
 connectOrder: [2,3,4,5,0,1]
71. 1100100010000111111001011000011
 c: 0010101010100100001111101011001
 from: 1000010000000011110110001100001 and 1000010000000011110110001100001
 connectWay: [0,0,1,2,1,2]
 connectOrder: [0,1,2,3,4,5]
72. 1100110000000001011110000011110
 c: 1000001000010011110001111100010
 from: 1000010000000011110110001100001 and 1000010000000011110110001100001
 connectWay: [0,2,0,2,1,1]
 connectOrder: [0,4,5,1,2,3]
73. 1111101000010010111010000010000
 c: 1101000010110111001100000010010
 from: 1111101000010011000110001100100 and 1000010000000011110110001100001
 connectWay: [0,0,1,1,0,1]
 connectOrder: [0,1,2,3,4,5]
74. 1101000110010100001101101000000
 c: 1100100010100111001100000001010
 from: 1111101000010011000110001100100 and 1000010000000011110110001100001
 connectWay: [0,0,1,1,1,0]
 connectOrder: [0,1,2,3,4,5]
75. 1100110000000001111101011001000
 c: 1000100000100100001011011011110
 from: 1111101000010011000110001100100 and 1000010000000011110110001100001
 connectWay: [0,1,1,1,0,0]
 connectOrder: [0,2,4,5,1,3]
76. 0000011101111011110001111100000
 c: 1001001010111100000011011101110
 from: 1111110000000011000110001100001 and 1100110000000001101101101010000
 connectWay: [2,2,0,0,1,1]
 connectOrder: [3,4,2,5,0,1]
77. 1101000110010000000001101010001
 c: 1001011010000101011010000000001
 from: 1111110000000011000110001100001 and 1000010000000011110110001100001
 connectWay: [0,0,0,1,1,1]
 connectOrder: [0,1,2,3,4,5]
78. 1000010000000011000110111111001
 c: 0100100000000010101011011010111
 from: 1111110000000011000110001100001 and 1000010000000011110110001100001
 connectWay: [0,1,1,1,0,0]
 connectOrder: [0,1,4,5,2,3]
79. 1000010000000011111101011001001
 c: 0000100010100000001011011011111
 from: 1111110000000011000110001100001 and 1000010000000011110110001100001
 connectWay: [0,1,1,1,0,0]
 connectOrder: [0,2,4,5,1,3]
80. 0010111001101110010100111100100
 c: 0001010011101100000100101101110
 from: 1111110000000011000110001100001 and 1000010000000011110110001100001
 connectWay: [0,2,1,1,0,2]
 connectOrder: [0,2,4,5,1,3]
81. 1100110000000001011111010110110
 c: 0000000011001101010101111101110
 from: 1111110000000011000110001100001 and 1000010000000011110110001100001
 connectWay: [0,2,1,1,0,2]
 connectOrder: [0,2,4,5,3,1]
82. 1111100010000100001000111100111
 c: 0110110000010110101001011010011
 from: 1111110000000011000110001100001 and 1000010000000011110110001100001
 connectWay: [2,2,0,0,1,1]
 connectOrder: [2,3,0,1,4,5]
83. 1100100010000111100100000001011
 c: 1000011010010101011010000010001
 from: 1111110000000011000110001100001 and 1111110000000011000110001100001
 connectWay: [0,0,0,1,1,1]
 connectOrder: [0,1,2,3,4,5]
84. 1111110000000011001101011001001
 c: 1110001110000100000101011010111
 from: 1111110000000011000110001100001 and 1111110000000011000110001100001
 connectWay: [0,0,0,1,1,1]
 connectOrder: [0,4,5,1,2,3]
85. 1101000110010100111111100100000
 c: 1011001010010101011000001111010
 from: 0000001111111100110010100110110 and 1000010000000011110110001100001
 connectWay: [0,1,1,1,0,0]
 connectOrder: [0,2,4,5,1,3]
86. 1111101010000000110001010101000
 c: 1101011110000000001100001101010
 from: 0000011101111011110001110011110 and 1000010000000011110110001100001
 connectWay: [0,2,2,0,1,1]
 connectOrder: [0,1,4,5,2,3]
87. 1111100010000100001110000011111
 c: 0101100100110101100101101000011
 from: 1111101000010011110000000000100 and 1100110000000000001100001110100
 connectWay: [1,1,0,0,2,2]
 connectOrder: [0,5,1,3,2,4]
88. 1101000110010100001100000010000
 c: 1101000110010100001100000010000
 from: 1111101000010011110000000000100 and 1000010000000011110110001100001
 connectWay: [0,0,1,1,0,1]
 connectOrder: [0,1,2,3,4,5]
89. 1100110000000001111010000010100
 c: 1000100000100101011010000011100
 from: 1111101000010011110000000000100 and 1000010000000011110110001100001
 connectWay: [0,1,1,1,0,0]
 connectOrder: [0,2,4,5,1,3]
90. 0010111001101110010010010111100
 c: 0010110001001110010010010111100
 from: 1111101000010011110000000000100 and 1111110000000011000110001100001
 connectWay: [0,2,1,1,2,0]
 connectOrder: [0,2,4,5,3,1]
91. 1101000110010100001001101000001
 c: 1010101010100100001001010100001
 from: 1111101000010011110000000000100 and 1111101000010011110000000000100
 connectWay: [0,0,1,1,2,2]
 connectOrder: [0,1,2,3,4,5]
92. 0000111010110001101010111110011
 c: 0000111100101000000000001111111
 from: 1111101000010011110000000000100 and 1111101000010011110000000000100
 connectWay: [0,2,1,1,0,2]
 connectOrder: [0,1,2,3,4,5]
93. 0011001111111110010100100101000
 c: 1111011011111001010000100101001
 from: 0000010111101100111001110011011 and 1000010000000011110110001100001
 connectWay: [0,1,1,1,0,0]
 connectOrder: [0,1,4,5,2,3]
94. 1111001001010100001010100010001
 c: 1011011010111001010000000111001
 from: 0000010111101100111001110011011 and 1000010000000011110110001100001
 connectWay: [0,1,1,1,0,0]
 connectOrder: [0,2,4,5,1,3]
95. 1101000110010100000101101010000
 c: 0011010101100011010001001000010
 from: 1101000110010000001100000010001 and 0110
 connectWay: [1,2,2,0]
 connectOrder: [0,2,1,3,4,5]
96. 1100100010000110110011100110001
 c: 0100000100000101100111010100011
 from: 1101000110010000001100000010001 and 0110
 connectWay: [2,2,2,2]
 connectOrder: [4,0,5,1,2,3]
97. 1111000101000111010110100000101
 c: 1100011000011001010110001000101
 from: 1101000110010000001100000010001 and 0011011100
 connectWay: [0,0,1,2,1]
 connectOrder: [0,1,5,4,2,3]
98. 1100100010000110101000000000001
 c: 0101000110010100000100000010001
 from: 1101000110010000001100000010001 and 0000010101101011110001110011011
 connectWay: [0,1,0,1,0,1]
 connectOrder: [1,2,4,0,5,3]
99. 1111101010100000110001010101001
 c: 1111101010100000110001010101001
 from: 1101000110010000001100000010001 and 1101000110010000001100000010001
 connectWay: [0,0,1,0,1,1]
 connectOrder: [0,1,4,5,2,3]
100. 1100110000000011001100000001011
 c: 1001000010010101011010000000101
 from: 1101000110010000001100000010001 and 1101000110010000001100000010001
 connectWay: [0,1,0,2,2,1]
 connectOrder: [1,0,3,4,5,2]
101. 1101000110010001100000000011011
 c: 1011011000010000000001011000111
 from: 1101000110010000001100000010001 and 1101000110010000001100000010001
 connectWay: [0,1,1,0,0,1]
 connectOrder: [0,2,1,3,4,5]
102. 0000000000000001111111101001110
 c: 0000000000000001111101110110110
 from: 1101000110010000001100000010001 and 1101000110010000001100000010001
 connectWay: [0,2,2,1,1,0]
 connectOrder: [1,2,3,0,4,5]
103. 1111100010000100001101011001001
 c: 1111010100000100000111101000101
 from: 1111100010000100111000000000001 and 0011011100
 connectWay: [0,0,1,2,1]
 connectOrder: [0,1,4,2,3,5]
104. 1000010000000011101100000001011
 c: 1000000010000101011010000010101
 from: 1111100010000100111000000000001 and 1000010000000011110110001100001
 connectWay: [0,1,0,0,1,1]
 connectOrder: [0,2,1,3,4,5]
105. 0000011101111010011101111101010
 c: 0011010001110111111000101110110
 from: 1111100010000100111000000000001 and 1111101000010011000110001100100
 connectWay: [0,2,2,0,1,1]
 connectOrder: [0,1,5,4,2,3]
106. 0111101111111101010101000001100
 c: 1111101011011110101000011000110
 from: 1100100010000110101000000000001 and 0000000000000001101100001110100
 connectWay: [2,2,2,2,2,2]
 connectOrder: [0,1,3,4,2,5]
107. 0011011101111000001011011010100
 c: 1011010001100011000001010111100
 from: 1100100010000110101000000000001 and 1100100010000111000100000001011
 connectWay: [0,1,2,0,1,2]
 connectOrder: [0,1,2,3,4,5]
108. 1111000101000110010101001000001
 c: 1011010110100101011000000000011
 from: 1100100010000110101000000000001 and 1101000110010000001100000010001
 connectWay: [0,0,1,1,0,1]
 connectOrder: [0,1,2,3,5,4]
109. 0000111010110000111011100111101
 c: 1010001001001101011111110010011
 from: 1100100010000110101000000000001 and 1000010000000011111101011001001
 connectWay: [0,0,1,1,0,1]
 connectOrder: [0,2,3,1,4,5]
110. 1111000101001110010101001000000
 c: 1010011011110100001010010000100
 from: 1100100010000110101000000000001 and 1101000110010100001100000010000
 connectWay: [0,0,1,1,0,1]
 connectOrder: [0,1,5,4,2,3]
111. 0000011101111011111010100110010
 c: 1111101000010011111011011010010
 from: 1000010000000011101100000001011 and 1111101000010010111010000010000
 connectWay: [0,1,1,0,0,1]
 connectOrder: [0,1,3,2,4,5]
112. 1101000110010001011011101000101
 c: 1101000100011001011101011010011
 from: 1000010000000011101100000001011 and 1101000110010000000001101010001
 connectWay: [0,1,1,0,0,1]
 connectOrder: [0,1,2,3,5,4]
113. 1101000110010100000111010111000
 c: 1100111000010011110001011000110
 from: 1000010000000011101100000001011 and 1101000110010100001100000010000
 connectWay: [0,1,1,0,0,1]
 connectOrder: [0,2,3,1,4,5]
114. 0000010111101101010101111101101
 c: 1111100001001001011011111110011
 from: 1000010000000011101100000001011 and 1111100010000100001101011001001
 connectWay: [0,1,1,0,0,1]
 connectOrder: [0,1,2,3,5,4]
115. 0011011101111001101100011001100
 c: 1100111010010111111001011000110
 from: 1111000101001110010101001000000 and 1000010000000011101100000001011
 connectWay: [0,0,0,1,1,1]
 connectOrder: [0,3,4,1,2,5]

