0000000000000000000000000000000 1
1100110000000001100000000000000 1
1111110000000001110000000000000 1
1100100010000110101000000000000 0
1111100010000110111000000000000 0
1111101010000000111010000000000 0
1111101010000110111010000000000 0
1111111100000001110110000000000 0
1111111110000001111110000000000 1
1111000101001110010101000000000 0
1111101100101000110111010000000 0
0010111011110111101010110000000 0
0010111001111111100011110000000 0
0000111011111011101011110000000 0
0000111110111001101111110000000 1
1111100010001010111100001000000 0
1111111100001101100010001000000 0
1111111100001111100010001000000 1
1111111100001101100110001000000 0
1111111100001011100110001000000 1
1111000101000110010101001000000 0
1111000101001110010101001000000 0
1101000111000000001101001000000 1
1111100011001100111101001000000 0
1101000111011100001000101000000 1
1101000110010100001001101000000 0
1101000111011000001101101000000 0
1101000110010100001101101000000 0
1101000111011100001101101000000 1
1111101000010010100111101000000 0
0000111010111001111110111000000 0
0010111001111011110111111000000 1
0000111010110001111111111000000 0
1111111100001101110100000100000 1
1111101011000000111011000100000 0
1111000101000110110111000100000 0
1111001001010100110011100100000 0
1101000110010100111111100100000 0
0000111011111011101010110100000 1
0000111010111111101010110100000 1
0010111011110101101001110100000 1
1111111100001011110000001100000 0
1111111100001011000110001100000 0
1111111100000001100110001100000 0
1100110000000001010110001100000 0
1111111100000001110110001100000 0
1111000101000110100011001100000 0
1111000101000110110011001100000 0
1111100011001100001111001100000 0
1101000110010100111011101100000 1
1111101100101000110001011100000 0
0000111010110111011100111100000 0
0000011101111011110001111100000 0
0111111111111111001001111100000 1
0011011111111101101001111100000 0
0000011111111101111001111100000 1
0000111010111001011101111100000 1
1101000110010100001100000010000 0
1111101000010010101010000010000 0
1111101010010010101010000010000 0
1111111000010011101010000010000 0
1111101010010100111010000010000 0
1111101000010010111010000010000 0
1101000111011000001101000010000 0
1101000111011100001101000010000 0
1111000001000110011000100010000 0
1111001001010100001010100010000 0
0000111110111001110111010010000 0
1111101000100010101010110010000 0
1101000111011000000001101010000 0
1101000110010100000101101010000 0
1101000111000000001101101010000 1
1101000111011000001101101010000 0
1101000110010100001101101010000 0
1100110000000001101101101010000 1
1111000001000110011101101010000 0
1111110000000001111101101010000 1
0011001111111110010010011010000 0
0011011101111011001010011010000 0
0010111001111001101110011010000 0
0000011111111111000011011010000 1
0000011111111101010011011010000 1
0000111110111001100111011010000 1
1111101011011000110001000110000 0
1111001001010100111001000110000 0
1111100011001010101010100110000 0
0000010101011111111110100110000 1
1111101010010010010001100110000 0
1111101010000000110001100110000 0
1111101010010100000011100110000 0
1100100010000110010011100110000 0
1100100010000110110011100110000 0
1111101010010100001011100110000 0
1101000110010100111110001110000 0
1100110000000001011111101110000 0
0010111001101011001100111110000 0
0111101111111100000010111110000 0
0011001111111110100010111110000 1
0111101111111110010010111110000 1
0000001111111100110010111110000 0
0010111011101111000101111110000 0
1111101010100100111010000001000 1
1111101000100010111010000001000 0
1111101011000000111010010001000 0
1101000110010100111100110001000 0
1111001001010100111010110001000 0
1111101100101100001110001001000 1
0111101111111100000010101001000 0
0011001111111110100010101001000 1
0011001111111100110010101001000 1
0000011101111011111010101001000 0
1111100011001100001100011001000 0
1111100010000110100101011001000 0
1111110000000001101101011001000 0
1100110000000001011101011001000 0
1100110000000001111101011001000 0
1111110000000001111101011001000 0
1111101010100100000111011001000 0
1101000110010100110101111001000 0
0011001111111110010100100101000 0
0011001111111100110100100101000 0
0011011101111001011100100101000 0
0011011101111011011100100101000 0
1111101010000000110001010101000 0
0010111011101111000011010101000 0
0010111001101111001011010101000 1
1111101010000000111011010101000 0
1111101000100010111100001101000 0
1111101000100010101110001101000 0
1111101010100100000101011101000 1
0011001111111100000100111101000 0
0000001111111110010100111101000 0
0011001111111110010100111101000 1
1101000110010100000011111101000 0
0000010111011111110011111101000 0
0011011111111101100111000011000 0
0000011111111101110111000011000 0
0000011101111011110111000011000 0
0010111001111111110011100011000 1
0010111001101011001110101011000 0
0010111001111011110001100111000 0
0011011101111001010111100111000 1
0000010101011111111110010111000 0
1101000110010100000111010111000 0
0011001111111100000100110111000 0
1111101010000000000001110111000 0
1101000110010100000111110111000 0
0011011101111011010001001111000 0
0000011101111111001001001111000 1
0011011111111101011001001111000 0
0010111001111101110101001111000 0
0000111011111011101101001111000 0
0000001111111100000110111111000 1
1100110000000001010110111111000 0
0000011101111011000111111111000 0
0000010011001111001111111111000 0
1111101000010011110000000000100 0
1111111000010011110000000000100 0
1111101010010101111000000000100 0
1101000111011001011111000000100 0
1111001001000001010000100000100 0
1111000101000111010110100000100 0
1101001000011111000100001000100 1
1111000101001111000010101000100 1
1101000111011001011010101000100 0
1111000101000111000011101000100 0
1101001000011111110010000100100 1
1111001001000001110001100100100 0
1111101010000001011011100100100 0
0000111010111001101011110100100 0
1101000110010101101000001100100 0
1111101000010011000110001100100 0
1111111000010011000110001100100 0
1111101000010011100110001100100 0
1101000111000001101101101100100 0
0000011100111111110111011100100 0
0010111001101110010100111100100 0
0010111000111110010100111100100 1
0010111001101010010110111100100 0
0010111001111010010110111100100 0
0010111011101110011101111100100 0
0010111001101011010111111100100 0
1111101010000001110000000010100 0
1111101010010011110000000010100 0
1111111100000000111100000010100 1
1111100010000111100010000010100 0
1100100010000111110010000010100 0
1111111000010010101010000010100 1
1111110000000001101010000010100 0
1111101010000001101010000010100 0
1100110000000001111010000010100 0
1100100010000111111010000010100 0
1111000001000111001010100010100 0
1111100010001011100110001010100 0
0000010101011111011110101010100 0
0000010100011111011111101010100 0
0011011101111000001011011010100 0
0000011101111010011011011010100 0
1101001000011111101000000110100 1
1101000111000001101101000110100 0
1111001001000001101011000110100 0
1101000110010101100101100110100 0
0010111001101111011000010110100 0
0010111011101110010010010110100 0
0010111001101011011010010110100 0
0010111001101010011011010110100 0
0001111110111000000110110110100 0
0000111010110000111011110110100 0
1100100010000111000100001110100 0
1101000110010101100100001110100 0
1100100010000111100100001110100 0
1100110000000000001100001110100 1
0000000000000001101100001110100 1
1100110000000001101100001110100 1
1111101010000001010110001110100 1
1111110000000000001110001110100 1
1111111100000000001110001110100 0
1100110000000001011110001110100 0
0000000000000001111110001110100 1
1101000111000001100001001110100 0
0000110110011110101001101110100 0
0000110111011110101001101110100 0
0000011111111100110010111110100 0
0000111011111010010110111110100 0
0111101111111101010011111110100 1
0011011101111000111011111110100 0
1111111111111110010101000001100 0
0111101111111101010101000001100 0
0011001111111101110101000001100 0
0011011101111000111101000001100 0
0010111011111111001001010001100 1
0000111110111001100111010001100 0
1111101010000001010000110001100 0
1110000001000111101010110001100 0
0000111010110111101010110001100 0
1111001001000001111010110001100 0
0000010101011110101111110001100 0
0000111110111000111011101001100 0
0000111010110000111111101001100 0
0011011101111001101100011001100 0
0000010101011111111110011001100 0
0000111110111001110111011001100 0
0000111010111001011100111001100 0
1111111110000000000001111001100 1
0000000000000001111111111001100 0
0000111010111110101001100101100 0
0000111010111001101010110101100 0
0000110110011110100110110101100 0
0000111010110001101011110101100 0
0011011101111000001011001101100 0
0000011101111010011011001101100 0
0000010111011110011001011101100 0
1100100010000111010100111101100 0
1100110000000001011100111101100 0
0000010011001110011101111101100 0
1111101010100101100010000011100 0
1111101000100011101010000011100 0
0010111011101110011001000011100 0
0000111010111000111011100011100 0
1111000001000111101010010011100 0
0010111000101110011011010011100 0
1111101010010011000000110011100 0
0000110110011110011111110011100 0
0011111110111010010000001011100 0
0010111001101110010100101011100 0
1100110000000000001111011011100 0
1100110000000001011111011011100 0
0011011101111000000110100111100 0
0011011101111010100110100111100 0
0000011101111010010110100111100 0
0000011101111110010110100111100 0
0000111010110000111011100111100 0
0010111001101110010010010111100 0
0000010101011110110100110111100 0
0010111000101110110010110111100 0
0010111011110100000110101111100 0
0000111010111000001101101111100 0
1110000001000111000100011111100 0
0000000011001101011101111111100 0
1111101000100011110110000000010 0
0001111110111000111011100000010 0
1110000001000111000100010000010 0
1111000001000111010100010000010 0
1111000101000111010100010000010 0
1111001001000001010110010000010 0
1111001001010101010110110000010 0
1111101100101001100110001000010 0
0000011100111111010111101000010 0
1111100011001101101000011000010 0
1111000101001111000100011000010 0
1100100010000111111001011000010 0
1100100010000111111101011000010 0
1111001001000001010111011000010 0
0000010111011110011101111000010 0
1111101100101001110000000100010 1
0000111010111001101110110100010 0
0000111010110001101111110100010 0
0010111001101111010011001100010 1
1111001001000001100000011100010 0
1111001001000001110000011100010 0
1111000001000111100010011100010 0
1101000111000001101010011100010 0
0010111000101111010011011100010 0
0011011101111010100000111100010 0
1111101100110001101010000010010 0
1111000101000111001000110010010 0
1100100010000111110100110010010 0
1100100010000111111100110010010 0
1111101010000001100110110010010 0
0000010111011111010101110010010 0
0010111000100110101111101010010 0
0011011111111100000010011010010 0
0000011111111100001011011010010 0
0010111011101110010100100110010 0
0000011111111100110010100110010 1
0000011101111011111010100110010 0
0010110111011110010010010110010 0
0000111010111000111101010110010 0
0010111000101111001111101110010 0
0000110110011110101111011110010 0
1111101010000001010000111110010 0
1100100010000111000010111110010 0
1100110000000000001010111110010 0
0000000000000001101010111110010 0
0000111010110001101010111110010 0
1100110000000001011010111110010 0
0010111000100110101001111110010 0
1100100010000111000100000001010 0
1100100010000111100100000001010 0
1111100010000111110100000001010 0
1100110000000000001100000001010 1
0000000000000001101100000001010 1
1100110000000001101100000001010 1
1100100010000111101100000001010 0
1111110000000001111100000001010 0
1111101010000001010110000001010 1
1111101010000001110110000001010 0
1111111111111110010011100001010 1
0111101111111101010011100001010 1
0011001111111101110011100001010 1
0011011101111000111011100001010 0
0010111001111100001111100001010 1
1101000111000001110000010001010 1
1111000101000111111000010001010 0
1110000001000111101100010001010 0
1111000001000111111100010001010 0
1111001001000001111110010001010 0
1111100010001011110000001001010 0
1110000001000111111001001001010 0
1111000001000111111001001001010 0
1110000001000111111101001001010 0
1111001001000001101011001001010 0
0010111001101011011011001001010 0
1111001001000001111011001001010 0
0010111000101110011011011001010 0
1111001001000001111101000101010 0
0010111001101111101100010101010 0
1100110000000000001111010101010 1
0010111000100110101111010101010 0
0010111001111010101101110101010 0
0000010101011110101011110101010 0
1111101010000001110000001101010 0
1111101010000001100110001101010 0
1100100010000111010110001101010 0
1100110000000001011110001101010 0
0000010100011110011111101101010 0
0000010101011110011111101101010 0
1111101011000001100000011101010 0
1111001001000001101100011101010 0
0000111110111000110000111101010 0
0011011111111100000100111101010 1
0000011111111110010100111101010 0
0011001111111101100101111101010 0
0011011101111000001101111101010 0
0000011101111010011101111101010 0
1101000110010101101000000011010 0
1111101000010011000110000011010 0
1111101010010011000110000011010 0
1101000111011001100001000011010 0
0010111001101010011111100011010 0
0000010111011110111001110011010 1
0000010101011111101100101011010 0
0010111000100110011111101011010 0
0000111111111100000010011011010 0
0010111001111110010010011011010 1
0000111010110110011011011011010 0
0010111000101110010110111011010 0
1101001000011111000100000111010 0
1100110000000001011111100111010 0
0000111010110000111101010111010 0
0000111110111000110000110111010 0
0000011100111110110010110111010 0
0000010101011110011011001111010 0
0000010100011110011011011111010 0
0010111000100110100100111111010 0
0010111001101110100100111111010 0
0010111000100110100010111111010 0
0010111000100010010110111111010 0
0000010011001110010110111111010 0
0000000011001101010111111111010 0
0011011111111110011001000000110 0
0011011111111101011001000000110 0
0111101111111100111001000000110 0
0000111011111011101101000000110 0
0000011101111111010011001000110 0
0011011101111110010100101000110 1
0010111001101110110100101000110 0
0010111001101011110001101000110 0
1111101000010010100001011000110 0
0010111000101111000111100100110 0
0010111001111110100100010100110 0
0010111001111010100110010100110 0
1101000110010100111001010100110 0
0000011100111110110110001100110 0
0010111000100110110100111100110 0
0000010101011110110100111100110 0
0010111000100110110010111100110 0
0000010011001110111001111100110 0
0010111011101111110101000010110 0
0010111001101010111101000010110 0
0010111011110100110100100010110 0
0011011111111100001001010010110 0
0000011111111101011001010010110 0
0000010111011111010011010010110 0
0010111001101111111000101010110 0
0010111001111001111100101010110 0
1100100010000110100011011010110 0
1100110000000001101011011010110 0
1100110000000001111011011010110 0
1100110000000001101111011010110 0
0000010101011111001110111010110 0
0111101111111100000010100110110 0
0011001111111110100010100110110 1
0000001111111100110010100110110 0
1111110000000000001101010110110 0
1100110000000001011101010110110 0
0010111000100110111101010110110 0
0000000000000001111101010110110 0
1100110000000001111101010110110 0
1100110000000001011111010110110 0
0010111011101111000011001110110 0
0010111001101011001011001110110 0
0010111001101111001011001110110 0
1100110000000000001111011110110 0
0000000111011100110100111110110 0
1100100010000111000010111110110 0
1111101010000000000001111110110 0
0000000011001101110011111110110 0
1111101010010101010100000001110 0
1101000110010101110010000001110 0
1101000110010100111010000001110 0
0000111011111011001101100001110 0
0010111000100111101100110001110 0
0000010101011110111111001001110 0
1111101010000001010001101001110 0
0000000000000001111111101001110 0
1111101010000000000001111001110 0
0010111000100110101111100101110 0
0000111111111100000010010101110 0
0011001111111110010010010101110 1
0000011101111011001010010101110 0
0011011101111011011010010101110 0
0000111011111010100110010101110 0
0000011100111111001011010101110 0
0000111010111110010010001101110 0
1111000001000110011000101101110 0
0000111011110110010010011101110 0
0000010011001110111001111101110 0
1111100010000111000110000011110 0
1111101010000001100110000011110 0
1100110000000001011110000011110 0
0000011101111011110001110011110 0
0111101111111100001001110011110 1
0011001111111110101001110011110 1
0011011111111101101001110011110 0
0000001111111100111001110011110 0
0000111010111001011101110011110 1
0000111010111111001000001011110 0
1111001001000001110001001011110 0
0010111001101111001000011011110 0
0010111000101111000011011011110 0
1101000111000001100001000111110 0
0010111001101010110110010111110 0
0010111000100011110111010111110 0
0010111000100110110100001111110 0
0000000011001101110111001111110 0
0000010100011111000101101111110 0
0000010101011111000101101111110 1
0000010100011111001101101111110 0
1110000001000111000100011111110 0
0010111000100011110111011111110 0
0010111000100010110000111111110 0
0000111010110000000110111111110 0
0000000011001100111001111111110 0
1000010000000011000000000000001 1
1100110000000011100000000000001 1
1111110000000011110000000000001 1
1100100010000110101000000000001 0
1111100010000100111000000000001 0
1111100010000110111000000000001 0
1111101010000100111010000000001 0
1111000101001110010101000000001 0
1111101011100000111010010000001 0
0000011101111111000111110000001 0
1111100010001000111100001000001 0
1111000101000110010101001000001 0
1111000101001110010101001000001 0
1101000111011100001000101000001 0
1101000110010100001001101000001 0
1101000110010000001101101000001 0
1101000111010000001101101000001 0
1101000111011000001101101000001 1
1101000110010100001101101000001 1
1101000111011100001101101000001 1
1111101000010010100111101000001 0
0000010111110011011101111000001 0
0000010011110111011101111000001 0
1111000101000110110111000100001 0
1111001001010000110001100100001 0
1111001001010100110011100100001 0
1101000110010000111111100100001 0
0000111010111001101011110100001 0
1111110000000011000110001100001 0
1100110000000011010110001100001 0
1000010000000011110110001100001 0
1111100010001000001110001100001 0
1111100010000100001110001100001 0
1111101010000100001110001100001 0
1111100010000100111110001100001 0
1111000101000110100011001100001 0
1111000101000110110011001100001 0
0000111010111001011100111100001 0
1101000100010000001100000010001 0
1101000110010000001100000010001 0
1101000110010100001100000010001 0
1111101000010010101010000010001 0
1111101000010000111010000010001 0
1101000111011000001101000010001 0
1101000111011100001101000010001 1
1111000001000110011000100010001 0
1101000111010000001100100010001 0
1111001001010100001010100010001 0
1101000110010000000001101010001 0
1101000111011000000001101010001 1
1101000110010100000101101010001 0
1111100010000100110101101010001 0
1101000100010000001101101010001 0
1101000110010000001101101010001 0
1101000110010100001101101010001 1
1100110000000011101101101010001 1
1111000001000110011101101010001 0
0010110111100011110001111010001 0
1111001001010100111001000110001 0
1111101010000100000011100110001 0
1100100010000110010011100110001 0
1100100010000110110011100110001 0
1111101000010000001011100110001 0
1101000110010000110111100110001 0
0000010101111111111110010110001 0
1111101010100000000001110110001 0
1101000110010000111010001110001 0
1101000100010000111110001110001 0
1000010000000011111111101110001 0
0010111001101011001100111110001 0
0000010101101011101010111110001 0
1111101000100000111010000001001 0
1111101010100000111010000001001 0
1101000100010000111100110001001 0
1101000110010000111100110001001 0
0111101111111100000010101001001 0
0000001111111110110010101001001 0
1111100011001000001100011001001 0
1111100010000100000101011001001 0
1111100010000110100101011001001 0
1111100010000100001101011001001 0
1111110000000011001101011001001 0
1100110000000011011101011001001 0
1000010000000011111101011001001 0
0000010101101011111101011001001 0
0011011101111001011100100101001 0
1111101010100000110001010101001 0
0010111001101011001011010101001 0
0000110111101011100111010101001 1
1111101000100000111100001101001 0
1111101000100000001110001101001 0
0011001111111100000100111101001 0
1111101000010000001100111101001 0
1101000100010000001010111101001 0
1101000110010100000011111101001 0
0000000001111110111111111101001 0
1111100011001000000001110011001 0
0000000011111110111001110011001 0
0000000111111110110100011011001 0
1101000110010000110001011011001 0
0000010011110111011011000111001 0
0000000111111110010110100111001 0
0000010111101101011110100111001 0
0011011101111001010111100111001 0
1101000110010000000111010111001 0
1111101010100000000001110111001 0
0000001111111100000110111111001 0
1000010000000011000110111111001 0
1100110000000011000110111111001 0
1101000110010001011110000000101 0
1111001001010001010000100000101 0
1111000101000111010110100000101 0
1111001001100001010000110000101 0
1101001000011111000100001000101 0
1111000101001111000010101000101 0
1111000101000111000011101000101 0
1101000110010001011011101000101 0
0000011101110101010101111000101 0
0010110111100000111011111000101 0
1101001000011111110010000100101 0
0000111010111001101010110100101 0
0000111010110001101011110100101 0
1101000100010001100000001100101 0
1101000110010101101000001100101 0
1101000110010001101100001100101 0
1101000100010001110110001100101 0
0010111001101010010110111100101 1
0010111000100110010110111100101 0
0000010101101011110001111100101 0
0000010111101100111001111100101 0
1111100010000101100010000010101 0
1111100010000111100010000010101 0
1100100010000111110010000010101 0
1111110000000011101010000010101 0
1100110000000011111010000010101 0
1100100010000111111010000010101 0
1101000110010001010110000010101 0
1111000001000111001010100010101 0
1111001001010001011010100010101 0
1111101011100001100000010010101 0
0010110111100110110110010010101 1
1111101010100001100000110010101 0
0000010100111110011111110010101 0
1111100010001001100110001010101 0
0000010111101101011010011010101 0
0011011101111000001011011010101 0
0000111110111000110000111010101 0
0000000011110011010111111010101 0
1101001000011111101000000110101 0
0010111001101011011010010110101 0
0000110110111110010100110110101 0
0001111110111000000110110110101 0
0000111010110000111011110110101 0
0000011101110100111111110110101 0
1101000110010001100000001110101 0
1100100010000111000100001110101 1
1101000110010101100100001110101 0
1100100010000111100100001110101 0
1100110000000011001100001110101 0
1000010000000010101100001110101 0
1101000100010001101100001110101 0
1000010000000011101100001110101 0
1100110000000010011110001110101 0
1000010000000010111110001110101 0
1101000111010001100000101110101 0
0010110111100110010010011110101 0
0000010111110110100010111110101 0
0000111010111000000110111110101 0
0010110111100000001101111110101 0
0000011100110000111011111110101 0
0011011101111000111101000001101 0
0000111110111001100111010001101 0
1110000001000111101010110001101 0
1101001000100001101101101001101 0
0000111110111000111011101001101 0
0011011101111001101100011001101 0
1101000100010001101011011001101 0
0000111010111001011100111001101 0
1000010000000010111111111001101 0
0000111010111000110110001101101 0
0011011101111000001011001101101 0
0000010111110010110110011101101 0
1101000110010001010000111101101 0
0000010111101101010101111101101 0
1111001000100001101010000011101 0
0000000011111111110011100011101 0
0000111010111000111011100011101 0
0000110110111110011111100011101 0
1111001001010001100000010011101 0
1111111000000011000000110011101 0
0010111000100010011101101011101 0
0000010101101010110110011011101 0
0011011101111000000110100111101 0
0000000111101111011110100111101 0
0000111010110000111011100111101 0
0000000011110011110001110111101 0
0000011100111110010010001111101 0
0000010101101010011011001111101 0
0000011101110100110010101111101 0
0000110110111110101001101111101 0
1110000001000111000100011111101 0
0000111010110000000110111111101 0
1000010000000010101110111111101 0
0000010100100001011101111111101 0
1111001000100001010110000000011 0
0001111110111000111011100000011 0
1110000001000111000100010000011 0
1111000001000111010100010000011 0
1111000101000111010100010000011 0
1111001001100001010110010000011 0
1111001001010001010110110000011 0
0010110111100010111101001000011 0
0000011101111110010110101000011 0
0000111010110000111111101000011 0
1111000101001111000100011000011 0
1111100010000101101001011000011 0
1100100010000111111001011000011 0
0000111010110001101111110100011 0
1101001000100001100000001100011 0
1111001000100001110000001100011 0
1111001001100001110001001100011 0
1111001001100001100000011100011 0
1111001001100001110000011100011 0
1111000001000111100010011100011 0
0010111001101011010001011100011 0
0010111000101111010011011100011 0
1111101000010001100000111100011 0
1101000100010001100110111100011 0
1111000101000111001000110010011 0
1111100010000101100100110010011 0
1100100010000111110100110010011 0
0000010101111111001100101010011 0
0000010111110011001101101010011 0
0000110111101010101101101010011 0
0010111000100110101011101010011 0
0011111110111010010000000110011 0
0010110111100000111011100110011 0
0000010111101100111011100110011 1
0000011100110001111011100110011 0
0000000001111111111110010110011 0
0000111010110000111101010110011 0
0000111010111000111101010110011 0
1100100010000111000010111110011 0
1100110000000011001010111110011 0
1000010000000010101010111110011 0
0000111010110001101010111110011 0
1000010000000011101010111110011 0
1100110000000010011010111110011 0
1000010000000010101110111110011 0
1100100010000111000100000001011 1
1100100010000111100100000001011 0
1111100010000101110100000001011 0
1100110000000011001100000001011 0
1000010000000010101100000001011 0
1000010000000011101100000001011 0
1100110000000011101100000001011 0
1100100010000111101100000001011 0
1111110000000011111100000001011 0
0011011101111000111011100001011 0
1110000001000111101100010001011 0
1111100010001001110000001001011 0
1110000001000111111001001001011 0
1101000100010001101101101001011 0
0000011101110100111011101001011 0
0000010111101110110100011001011 0
0000010101101011111100011001011 0
0000000111101111110101011001011 0
0000110110111110010100111001011 0
0010111000100110101101010101011 0
1100100010000111010110001101011 0
1100110000000010011110001101011 0
0000000011111111110011101101011 0
0010110111100010110110011101011 0
0011011101111000001101111101011 0
1101000110010001100000000011011 0
1101000110010101101000000011011 0
1101000111011001100001000011011 0
0010111000100110010110110011011 0
0000010101101011110001110011011 0
0000010111101100111001110011011 0
0000010100111110110100111011011 0
0010110111100000001101111011011 1
1101001000011111000100000111011 0
0000011101110101010011000111011 0
1000010000000010111111100111011 0
0000010101111110010010010111011 0
0000010101101010010110101111011 0
0010111000100110100100111111011 0
0000010111101100000110111111011 0
0000010101101010100110111111011 0
1000010000000010101110111111011 0
0000011111111111001001000000111 0
1111001001010001010110010000111 0
0000010011110111001110110000111 0
0010111001111010110000101000111 0
0000010101111110010110101000111 0
0000010100111110010110111000111 0
1111001001010000000001111000111 0
0010111001111100000110100100111 0
1111100010000100001000111100111 0
0010111000100110010100111100111 0
0010111000100110110010111100111 0
1111101000100000111100000010111 0
0010111001101010111101000010111 0
0000000001111110011111100010111 0
1100100010000110100011011010111 0
0000000011110011011011011010111 0
0111101111111100000010100110111 0
1101000110010000110001010110111 0
1111100010000100000101010110111 0
1100110000000010011101010110111 0
1000010000000010111101010110111 0
0010111000100110111101010110111 0
0000110111101011000001001110111 0
0010111001101011001011001110111 0
0010110111100000000110101110111 0
1101000110010101110010000001111 0
1101000100010000111010000001111 0
1101000110010000111010000001111 0
1101000100010001111010000001111 0
0010111000100111101100110001111 0
0000010101101010101011110001111 0
1000010000000010111111101001111 0
0000110110111110100100000101111 0
0000010101101011001101100101111 0
0000011111111100000010010101111 0
1101000110010000110001010101111 0
0000010111110011001011010101111 0
0000000011111110011001011101111 0
0010111000100110110110000011111 0
1101000100010001110110000011111 0
1111100010000100001110000011111 0
1000010000000010111110000011111 0
0010111000100010010110110011111 0
0000111010111001011101110011111 0
0000111010110000001101101011111 0
0000010111101101011000010111111 0
0010111001101010110110010111111 0
0010111000100011110111010111111 0
0000000001111110010100110111111 0
0000000011110010011101110111111 0
0010111000100110010010001111111 0
0000010011110111001001001111111 0
0000000001111110010010011111111 0
0000010100100000111101011111111 0
0010111000100011110111011111111 0
0010111000100010110000111111111 0
0000010100100001011100111111111 0
0000011100110000000110111111111 0
found 95 / 843
