C-equivalence:
0000000000
1110000000
1001100000
0111100000
1111100000
0101010000
1011010000
1111010000
1100110000
0010110000
1110110000
1101110000
1011110000
0111110000
1111110000
1000001100
0110001100
1110001100
0001101100
1001101100
0111101100
1111101100
1101011100
0011011100
1011011100
0111011100
1111011100
0100111100
1100111100
1010111100
0110111100
1110111100
0101111100
1101111100
0011111100
1011111100
0111111100
1111111100
0100001010
1010001010
1110001010
1101101010
0011101010
1011101010
0111101010
1111101010
0001011010
0101011010
1011011010
1111011010
1000111010
1100111010
1010111010
0110111010
1110111010
1001111010
1101111010
0011111010
1011111010
0111111010
1111111010
1100000110
0010000110
1110000110
0101100110
1101100110
1011100110
0111100110
1111100110
1001010110
1101010110
1011010110
0111010110
1111010110
0000110110
1100110110
0010110110
1110110110
1001110110
0101110110
1101110110
1011110110
0111110110
1111110110
1100001110
1010001110
0110001110
1110001110
0101101110
1101101110
0011101110
1011101110
0111101110
1111101110
1001011110
1101011110
0011011110
1011011110
0111011110
1111011110
1000111110
0100111110
1100111110
1010111110
0110111110
1110111110
0001111110
1001111110
0101111110
1101111110
0011111110
1011111110
0111111110
1111111110
0001001001
1111001001
1000101001
0110101001
1110101001
1001101001
0111101001
1111101001
0100011001
1010011001
1110011001
0101011001
1011011001
1111011001
1100111001
1010111001
0110111001
1110111001
1101111001
0011111001
1011111001
0111111001
1111111001
1001000101
0111000101
1111000101
0000100101
1110100101
1001100101
0111100101
1111100101
1100010101
0010010101
1110010101
1101010101
1011010101
0111010101
1111010101
1100110101
0010110101
1110110101
0101110101
1101110101
1011110101
0111110101
1111110101
1001001101
0111001101
1111001101
1000101101
0110101101
1110101101
0001101101
1001101101
0111101101
1111101101
1100011101
1010011101
0110011101
1110011101
1101011101
0011011101
1011011101
0111011101
1111011101
0100111101
1100111101
1010111101
0110111101
1110111101
0101111101
1101111101
0011111101
1011111101
0111111101
1111111101
0101000011
1011000011
1111000011
1100100011
0010100011
1110100011
1101100011
1011100011
0111100011
1111100011
0000010011
1110010011
0101010011
1011010011
1111010011
1100110011
0010110011
1110110011
1001110011
1101110011
1011110011
0111110011
1111110011
0101001011
1011001011
1111001011
1100101011
1010101011
0110101011
1110101011
1101101011
0011101011
1011101011
0111101011
1111101011
0100011011
1010011011
1110011011
0001011011
0101011011
1011011011
1111011011
1000111011
1100111011
1010111011
0110111011
1110111011
1001111011
1101111011
0011111011
1011111011
0111111011
1111111011
1101000111
1011000111
0111000111
1111000111
1100100111
0010100111
1110100111
0101100111
1101100111
1011100111
0111100111
1111100111
1100010111
0010010111
1110010111
1001010111
1101010111
1011010111
0111010111
1111010111
0000110111
1100110111
0010110111
1110110111
1001110111
0101110111
1101110111
1011110111
0111110111
1111110111
1101001111
0011001111
1011001111
0111001111
1111001111
0100101111
1100101111
1010101111
0110101111
1110101111
0101101111
1101101111
0011101111
1011101111
0111101111
1111101111
1000011111
1100011111
1010011111
0110011111
1110011111
1001011111
1101011111
0011011111
1011011111
0111011111
1111011111
1000111111
0100111111
1100111111
1010111111
0110111111
1110111111
0001111111
1001111111
0101111111
1101111111
0011111111
1011111111
0111111111
1111111111
Count: 314
