MinimalfeasibleCBA:
Count: 3038
1100110000000001100000000000000
1100100010000110101000000000000
1111101010000000111010000000000
1111100011001100111001000000000
1111000101001110010101000000000
1111101100101000110111010000000
0010111011110111101010110000000
0010111001111111100011110000000
0000111011111011101011110000000
0000111010111111101011110000000
0011011101111111010111110000000
0000111110111001101111110000000
1111100010001010111100001000000
1111000101000110010101001000000
1101000111000000001101001000000
1101000111011100001000101000000
1101000110010100001001101000000
1111101000010010100111101000000
0011111110111111101110111000000
0000111010111001111110111000000
0011011101111111000111111000000
0000011100111111010111111000000
0010111001111011110111111000000
0000111010110001111111111000000
1111000101000110110111000100000
1111101010010110011001100100000
1111101010010100111001100100000
1111001001010100110011100100000
1111101010010010011011100100000
1101000110010100111111100100000
1111101010100100111001010100000
0000111011111011101010110100000
0000111010111111101010110100000
0010111011110101101001110100000
0000111010110111101011110100000
1111111100001011000110001100000
1100110000000001010110001100000
1111100010001010101110001100000
1111000101000110100011001100000
1111100011001100001111001100000
1111101100101000110001011100000
1111101010100100001101011100000
0011111110111111101100111100000
0010111011111101011100111100000
0000111011111011011100111100000
0000111010110111011100111100000
0000111010111001011110111100000
0011011101111011100001111100000
0000011101111011110001111100000
0111111111111111001001111100000
0011011111111101101001111100000
0000011111111101111001111100000
0010111001111111110101111100000
0000111010111001011101111100000
0000011100111111110011111100000
1101000110010100001100000010000
1111101000010010101010000010000
1101000111011000001101000010000
1111000001000110011000100010000
1111001001010100001010100010000
1111100011001010110001100010000
0011111110111011100111010010000
0000111110111001110111010010000
1111101000100010101010110010000
0010111011110101111010110010000
0010111011111101110011110010000
0011011101111111001111110010000
0000011101111111011111110010000
1101000111011000000001101010000
1101000110010100000101101010000
1111100010000110110101101010000
0011001111111110010010011010000
0011011101111011001010011010000
0000011101111111011010011010000
0010111001111001101110011010000
0000111011111011101110011010000
0000011111111111000011011010000
0000011111111101010011011010000
0000011101111111001011011010000
0000011101111011011011011010000
0000011100111111011011011010000
0000111110111001100111011010000
0010111011110101100111011010000
0000111011111011100111011010000
0000111010110111101111011010000
0000111010111001101110111010000
0000111111111101100011111010000
0000111110111111100011111010000
0000111010110001101111111010000
1111101011011000110001000110000
1111001001010100111001000110000
1111100011001010101010100110000
0000010101011111111110100110000
1111101010010010010001100110000
1111101010000000110001100110000
1111101010010100000011100110000
1111100010000110100011100110000
1100100010000110010011100110000
1101000110010100110111100110000
0010111011111101011000010110000
0011011101111111101100010110000
0000111011111011011010010110000
0000011101111111111110010110000
0000111111111101110101010110000
0000111110111111110101010110000
0010111011111101010011010110000
0000111010110111011011010110000
0011111110111111101100110110000
0000111110111111111100110110000
0000111011111011110001110110000
0010111011110101110011110110000
1111101010010010011100001110000
1111101000010010111100001110000
1111101010010100001110001110000
0000010111011111110011101110000
0000111011111011111100011110000
0010111011110101100101011110000
0010111001101011001100111110000
0111101111111100000010111110000
0011001111111110100010111110000
0000001111111100110010111110000
0000011101111011111010111110000
0000111011111011001110111110000
0000111010110111001110111110000
0010111011101111000101111110000
0010111011111101010101111110000
0011011111111101100011111110000
0000111011111011000111111110000
1111101000100010111010000001000
0011011101111111111111100001000
1101000110010100111100110001000
1111101010010010011010110001000
1111001001010100111010110001000
0000111110111001100111110001000
1111101100101100001110001001000
0111101111111100000010101001000
0011001111111110100010101001000
0011001111111100110010101001000
0011011101111011101010101001000
0000011101111011111010101001000
0010111011111101011110101001000
0000111011111011011110101001000
0010111001111011111110101001000
0011011111111101100011101001000
0000011111111101110011101001000
0000011100111111111011101001000
0010111011111101010111101001000
0000111011111011010111101001000
0010111011110101110111101001000
0000111110111111110111101001000
0000111010110111011111101001000
1111100011001100001100011001000
1111100011001010101100011001000
1111100010000110100101011001000
1111100010001010101101011001000
1100110000000001011101011001000
1111101010100100000111011001000
0000111010111001011110111001000
0000010111011111111001111001000
1101000110010100110101111001000
0011001111111110010100100101000
0011001111111100110100100101000
0011011101111001011100100101000
0000111111111101100101100101000
0000111110111111100101100101000
0011011111111101010101100101000
0010111011110101100011100101000
1111101010000000110001010101000
0010111011101111001001010101000
0010111011101111000011010101000
0010111001101111001011010101000
0000011101111111001110110101000
0000010101011111101110110101000
1111101010010010010001110101000
0000010101011111001111110101000
1111101000100010111100001101000
1111101010100100001110001101000
1111101000100010101110001101000
0010111011111101011100101101000
0010111001111011111100101101000
0011011101111111001110101101000
0000011101111111011110101101000
0011011111111101111001101101000
0010111011111101010101101101000
0010111011110101110101101101000
0000011100111111011111101101000
1111101010100100000101011101000
0000011101111111111000111101000
0011001111111100000100111101000
0000001111111110010100111101000
0011011101111011001100111101000
0011011101111001101100111101000
0000011101111011011100111101000
1101000110010100001010111101000
0000010101011111011110111101000
0000011100111111111001111101000
0000011111111101010101111101000
0000011100111111011101111101000
1101000110010100000011111101000
0000010111011111110011111101000
0000000111011100111011111101000
0000010111011111010111111101000
0010111011111101010011000011000
0000111011111011011011000011000
0011011111111101100111000011000
0011011101111011100111000011000
0000011111111101110111000011000
0000011101111011110111000011000
0011011101111001101111000011000
0010111001111111110011100011000
0000111110111111110111100011000
0011111110111111101111100011000
1111001001010100111010010011000
0000010111011111110101010011000
0000111010111111011011010011000
0000011100111111110111010011000
1111100011001010100001110011000
0010111001111001100111001011000
0000111011111011110111001011000
0000001111111110110010101011000
0010111001101011001110101011000
0010111001111001101110101011000
0000011100111111110011101011000
0010111001101011000111101011000
0010111011110101100111101011000
0000011101111011111110011011000
0000001111111100110010111011000
0000111011111011001110111011000
0000111010111111001110111011000
0000000111011100111101111011000
0000111011111011000111111011000
0000111010110111001111111011000
0000111010111111011010000111000
0011111110111111101110000111000
0010111011111101011001000111000
0011011111111101110101000111000
0011011101111011111101000111000
0000111011111011111010100111000
0011011101111011001110100111000
0011011101111001101110100111000
0000011101111011011110100111000
0010111001111011110001100111000
0010111011110101111001100111000
0011011101111011000111100111000
0011011101111001010111100111000
0000011111111101010111100111000
0000011101111011010111100111000
0000011100111111010111100111000
0011011101111001101100010111000
0000011101111011111110010111000
0000010101011111111110010111000
1111101010010010100001010111000
0000111011111011010001010111000
0011011111111101100101010111000
1101000110010100000111010111000
0011001111111100000100110111000
0000001111111110010100110111000
0011011101111011001100110111000
0000011101111011011100110111000
0000010101011111011110110111000
1111101010000000000001110111000
0011011100111111000101110111000
0000011111111101010101110111000
0000011100111111010101110111000
0000010101011111010111110111000
0011011101111011010001001111000
0000011101111111001001001111000
0011011111111101011001001111000
0010111001111101110101001111000
0000111011111011101101001111000
0011011111111111000011001111000
0000011111111101010011001111000
0000011101111111010011001111000
0011011101111011001011001111000
0000011101111011011011001111000
0000111011111011001100101111000
0000001111111100110010101111000
0000111010110111001101101111000
0000011101111111011000011111000
0000011101111011001010011111000
0000010101011111101110011111000
0011011101111011000001011111000
0000011101111011010001011111000
0000011111111101011001011111000
0000011100111111011001011111000
0010111001111101100101011111000
0000010111011111000011011111000
0000011100111111000011011111000
0000001111111100000110111111000
0000000111011100110110111111000
0000010101011111001110111111000
0010111001101111000101111111000
0000011101111011000111111111000
0000010101011111000111111111000
0000010011001111001111111111000
1111101000010011110000000000100
1111101010010101111000000000100
1101000111011001011111000000100
1111001001000001010000100000100
1111000101000111010110100000100
0011111110111110111101010000100
0000111110111110101111010000100
0010111011110111101000110000100
0010111011110101101010110000100
0000111011110111101010110000100
0011111110111010111101110000100
0000111011111010101011110000100
0000111010111110101011110000100
1101001000011111000100001000100
1111001001010101010101001000100
1111000101001111000010101000100
1101000111011001011010101000100
1111000101000111000011101000100
0000110110011110111011101000100
0010111001111110110100011000100
0000111011111011111100011000100
0011011101111110010010011000100
0010111001111100110110011000100
0010111001111010110110011000100
0011011101111011010001011000100
0011011111111100001001011000100
0000011111111110011001011000100
0000011111111101011001011000100
0011111110111110101101011000100
0010111011110100111101011000100
0000111011111010111101011000100
0000111010110110111101011000100
0000011101111111010011011000100
0000111010111000111111011000100
1111101100101001100000111000100
0011011101111110010100111000100
0000111110111111111100111000100
0000011101111110010110111000100
0011111110111110101001111000100
0000111111111100111001111000100
0000111110111110111001111000100
0011011101111111000101111000100
0000011100111111010101111000100
0011111110111010101101111000100
0000111010111000111101111000100
0011111110111010101011111000100
0000111110111000111011111000100
0000111010110000111111111000100
1101001000011111110010000100100
1111001001010101110011000100100
1111101010000001011011100100100
0011011101111110110100010100100
0000111011111111001010010100100
0010111011111111001001010100100
0000111011111011001011010100100
0000111010111111001011010100100
0010111001111110100010110100100
0010111001111011100001110100100
0010111011110110101001110100100
0011111110111010011101110100100
0001111110111110011101110100100
0000111010110110101011110100100
0000111010111001101011110100100
1101000110010101101000001100100
1111101000010011000110001100100
1111000101000111100010101100100
1101000111000001111010101100100
0011011101111110100100011100100
0010111001111100110100011100100
0010111001111000110110011100100
0000011101111110110110011100100
0000111010111000111101011100100
0000011100111111110111011100100
0011011101111010100000111100100
0011011100111110100100111100100
0010111001101110010100111100100
0010111000111110010100111100100
0000111010111001011100111100100
0000011100111110110010111100100
0010111001101010010110111100100
0010111000101110010110111100100
0000111011111010011101111100100
0000111010110110011101111100100
1111101010000001110000000010100
1111111100000000111100000010100
1111101010010101100010000010100
1111100010000111100010000010100
1100100010000111110010000010100
1111101010000001101010000010100
1101000111011001010111000010100
1111000001000111001010100010100
0000010111011111010111100010100
0000010101011111011111100010100
0000111111111101110101010010100
0000111110111111110101010010100
0011111110111110101101010010100
0000111110111110111101010010100
0010111011110101111000110010100
0010111011110100110010110010100
0000111011111011110001110010100
0000111010111110111001110010100
0010111001111110111001110010100
0011011101111111001101110010100
0011111110111010101101110010100
0000011101111110011101110010100
0000111110111000111101110010100
0000111010111000111011110010100
0010111001111010111011110010100
1111100010001011100110001010100
1111000001000111001111001010100
0000010101011111011110101010100
0000010101011110011111101010100
0000010100011111011111101010100
0000011101111111011000011010100
0010111011111100110100011010100
0010111001111001101100011010100
0000011101111111001010011010100
0000011101111011011010011010100
0000111011111010100110011010100
0011011100111110011001011010100
0000011101111110011001011010100
0000011100111111011001011010100
0010111011110101100101011010100
0010111001111010101101011010100
0010111011110110101101011010100
0010111001111000111101011010100
0011011101111000001011011010100
0000011101111011001011011010100
0000011101111010011011011010100
0000111010110110101111011010100
0011111110111010100000111010100
0000111111111100110100111010100
0000111110111110110100111010100
0011011101111111001100111010100
0000111110111110100010111010100
0000111111111100110010111010100
0000111010111110100110111010100
0000111010110000111101111010100
1101001000011111101000000110100
1111100010001011101010000110100
1101000111000001101101000110100
1111001001000001101011000110100
1111000001000111101011000110100
0000010101011110111111000110100
1111101010000001010001100110100
1101000110010101100101100110100
0000110110011110011111100110100
0010111001101111011000010110100
0010111011101110010010010110100
0000111011111110010010010110100
0010111001101011011010010110100
0000111011111011010001010110100
0010111001101110011001010110100
0000111010111110011001010110100
0011011101111110101101010110100
0010111001101010011011010110100
0000111011111010011011010110100
0000111010110110011011010110100
0000111011111010110000110110100
0011111110111110100100110110100
0000111110111110010100110110100
0000111111111100110100110110100
0001111110111000000110110110100
0000111110111000110110110110100
0010111011110100111001110110100
0000111010110110111001110110100
0000111010110000111011110110100
1100100010000111000100001110100
1101000110010101100100001110100
1100110000000000001100001110100
0000000000000001101100001110100
1111100010001011000110001110100
1111101010000001100110001110100
1111101010000001010110001110100
0000110110011110110110001110100
1101000111000001100001001110100
0000010111011110110010101110100
0000110110011110101001101110100
0000010101011110101101101110100
0000000111011101110011101110100
0000010100011110111011101110100
0010111011110110100100011110100
0010111011110100110100011110100
0000111011110110100110011110100
0011011100111110101101011110100
0010111011110100000100111110100
0000111010110110100110111110100
0000111011111010010110111110100
0000111010110110010110111110100
0011011100111110101001111110100
0010111001111000001101111110100
0010111000100010011101111110100
0011001111111101100011111110100
0000111010111000001111111110100
0000111111111101100101000001100
0111101111111101010101000001100
0011001111111101110101000001100
0011011101111000111101000001100
0010111011111111000011000001100
0000111011111110101001100001100
0000111110111111100101100001100
0000111111111100001101100001100
0000111110111110101101100001100
0011111110111010011101100001100
0010111001111010101011100001100
0001111110111110011111100001100
1111001001010101111000010001100
0010111011111111001001010001100
0000111011111011001011010001100
0000111010111111001011010001100
0000111110111001100111010001100
0000010101011111101111010001100
1111101010000001010000110001100
0010111011110101101000110001100
0010111011110110100010110001100
1110000001000111101010110001100
0000111010110111101010110001100
0010111001111110101001110001100
0001111110111110011101110001100
0000111010111001101011110001100
0000111110111000001111110001100
0000010101011110101111110001100
0011111110111110100110001001100
0000111010111110110110001001100
0010111011110101110101001001100
0010111001111000111101001001100
0010111011110100111101001001100
0111101111111111110011001001100
0000111011111011110111001001100
0011011101111110101111001001100
0000111011111010111111001001100
0010111011111110010100101001100
0010111011111101011100101001100
0010111001101011011100101001100
0000111111111100110010101001100
0000111011111010010110101001100
0111111111111110011001101001100
0011011111111100111001101001100
0010111111111100111001101001100
0010111011111101010101101001100
0010111011101111010101101001100
0010111001101010011101101001100
0010111011110110011101101001100
0010111000101110011101101001100
0011111110111010101011101001100
0011011101111010101011101001100
0000111110111000111011101001100
0011011101111000111011101001100
0000011101111110111011101001100
0000111010110110011111101001100
0000111010110000111111101001100
0010111011111100110100011001100
0011011101111001101100011001100
0000111011111010110110011001100
0000010101011111111110011001100
0011011111111101100101011001100
0000111110111111110101011001100
0011011101111010101101011001100
0000111010111000111101011001100
0010111000111110111101011001100
1101000110010101100011011001100
0000010101011110111111011001100
0011111110111010100000111001100
0000111010111110010100111001100
0000111111111100110100111001100
0000111010111001011100111001100
0000111110111110110010111001100
0000110110011110010110111001100
0000111010111000110110111001100
1111111110000000000001111001100
0011011100111110101001111001100
0000111011111010011101111001100
0000111010110110011101111001100
0000111010110000111101111001100
0000010100011110111011111001100
1111110000000000001111111001100
0000000000000001111111111001100
0001111110111110110110000101100
0000111011111111001001000101100
0010111011111100001011000101100
0000111011111011100001100101100
0000111010111110101001100101100
0011011101111010011101100101100
0010111011110110101011100101100
0011011101111011111100010101100
0000111011111011001010010101100
0000010101011111101110010101100
0010111011111100001001010101100
0000111010110111001011010101100
0000010101011110101111010101100
0001111110111110010100110101100
0000111010111110100010110101100
0000111010111001101010110101100
0000110110011110100110110101100
0000010101011111001110110101100
0000111010110001101011110101100
0000111010110110110110001101100
0011011101111110011001001101100
0011011111111111000011001101100
0000011111111101010011001101100
0011011101111000001011001101100
0000011101111010011011001101100
0010111011110110010100101101100
0010111011110100110100101101100
0000111011110110010110101101100
0011011100111110011101101101100
0011011100111110101011101101100
0000011100111110111011101101100
0000011101111111011000011101100
0010111011110100110100011101100
0011011101111011001010011101100
0000011101111011011010011101100
0000010111011110011001011101100
0000011100111110011001011101100
0000010100011110111101011101100
0000010111011111010011011101100
0000010101011110011011011101100
0000111010110110010100111101100
0000110110011110010100111101100
0000010111011110010100111101100
1100100010000111010100111101100
1100110000000001011100111101100
0000010100011111011100111101100
0000011111111100111001111101100
0011011101111000001101111101100
0000011101111010011101111101100
0000010011001110011101111101100
0000010100011110011101111101100
1111101010100101100010000011100
1111101000100011101010000011100
0010111011101110011001000011100
0010111011111101011001000011100
0010111001101111011001000011100
0010111001101111010011000011100
0000111011111010011011000011100
0010111001101110011011000011100
0010111001101011011011000011100
0011011101111010101111000011100
0010111011110101111000100011100
0010111011110100110010100011100
0010111001111011110001100011100
0010111011111100111001100011100
0010111001111110111001100011100
0000111010111000111011100011100
0000111110111110011111100011100
1111101011000001100000010011100
1111001001010101101000010011100
1111001001010101100010010011100
0010111011110110010010010011100
1111001001000001101010010011100
1111000001000111101010010011100
0000111011111011010001010011100
0000111010111110011001010011100
0011001111111101100101010011100
0011011101111010101101010011100
0010111000101110011011010011100
0000010101011110111111010011100
1111101010010011000000110011100
1111101010000001100000110011100
1111111100000000001100110011100
0011011101111001101101110011100
0000110110011110011111110011100
0011111110111010010000001011100
0000111110111110100100001011100
0000111110111110010010001011100
0010111001111101110101001011100
0000111011111010101101001011100
0010111001111010101111001011100
0010111011110110101111001011100
0011011101111010110000101011100
0000111111111100000100101011100
0010111001101110010100101011100
0010111001111100110100101011100
0000111011111011001100101011100
0010111001111001111100101011100
0000011111111100110010101011100
0000011101111110110010101011100
0010111001111100000110101011100
0010111001111010100110101011100
0011011101111110100110101011100
0010111001101010010110101011100
0010111001111000110110101011100
0000111110111110101001101011100
0000111110111000001101101011100
0000111010110111001101101011100
0000111010110110101101101011100
0010111000100110011101101011100
0011001111111101100011101011100
0011011100111110101011101011100
0000011101111010111011101011100
0000011100111110111011101011100
0010111001111000001111101011100
0010111001111110100100011011100
0011011101111110100100011011100
0010111001111100110100011011100
0000111111111100000010011011100
0010111001111010100110011011100
0011011101111010100110011011100
0010111001111000110110011011100
0000011101111010110110011011100
0000010101011110110110011011100
0000010101011111101110011011100
0010111001111101100101011011100
0010111000101110111101011011100
0111101111111111000111011011100
0000000111011101110111011011100
1100110000000000001111011011100
0000110110011110101111011011100
0000010101011110101111011011100
0011011101111010100000111011100
0000111110111000110000111011100
0010111001111100000100111011100
0010111000101110010100111011100
0010111001101011001100111011100
0000010111011110110010111011100
0000111110111000000110111011100
0010111001111000000110111011100
0000110110011110100110111011100
0000010101011110100110111011100
0010111001101111000101111011100
0010111001111000001101111011100
0010111011110100001101111011100
0000000111011101110011111011100
0000110110011110101011111011100
0000010101011110101011111011100
0000111010110000001111111011100
0011111110111110100110000111100
0000111110111110110110000111100
0010111001101110011001000111100
0010111001101010011011000111100
0000011101111010111111000111100
0010111001111010110000100111100
0011011101111110010100100111100
0010111111111110010100100111100
0010111001111100110010100111100
0011011101111000000110100111100
0000011101111010010110100111100
0010111011110100111001100111100
0011011100111110011101100111100
0000111010110000111011100111100
0011011101111110100100010111100
0010111001101110010010010111100
0011011101111010100110010111100
0000010101011110110110010111100
1111101010000001100001010111100
0010111001101011010001010111100
1111001001000001110001010111100
0000111010110110011001010111100
0010111000101110011001010111100
0000000111011101110101010111100
0011011100111110101101010111100
0000110110011110111101010111100
0000010101011110111101010111100
0000010011001111011011010111100
0010111001111000110000110111100
0000110110011110010100110111100
0000010111011110010100110111100
0000011101111110010100110111100
0000010101011110110100110111100
0000010101011111011100110111100
0010111000101110110010110111100
0000010101011110010110110111100
0011011101111000001101110111100
0000011101111010011101110111100
0000010100011110011101110111100
0011011100111110010010001111100
0011011100111110100110001111100
0010111001111000000110101111100
0010111011110100000110101111100
0000111010111000001101101111100
0000011100111110011111101111100
0011011101111010010000011111100
1110000001000111000100011111100
0000010101011110110100011111100
0000011101111110010010011111100
0000010101011110100110011111100
0000010101011110011001011111100
0000010100011110011011011111100
0010111000100110010100111111100
0000010101011110010100111111100
0000011100111110010100111111100
0000010100011110110100111111100
0000111010111000000110111111100
0000010100011110010110111111100
0000000011001101011101111111100
0000010100011111000111111111100
0000000011001101010111111111100
1111101000100011110110000000010
0001111110111000111011100000010
0010111001111011100111100000010
0011011101111111010111100000010
1110000001000111000100010000010
1111001001000001010110010000010
0000111010110111101110110000010
0000111110111110101011110000010
0000011101111111000111110000010
0000111011111010101111110000010
0000111010111110101111110000010
0000111010111001101111110000010
1111101100101101100010001000010
1111101100101001100110001000010
0010111001111110110010101000010
0000111011111011111010101000010
0011011101111110010110101000010
0010111001111100110110101000010
0010111001111010110110101000010
0011111110111010101011101000010
0000111110111000111011101000010
0010111011110100111011101000010
0000111011111010111011101000010
0000111010110110111011101000010
0011011101111111000111101000010
0000011100111111010111101000010
0000111010111000111111101000010
1111100011001101101000011000010
1111101010000001101011011000010
0010111001111100110010111000010
0010111000111110110010111000010
0000011101111110010110111000010
0010111001111000110110111000010
0000010111011110011101111000010
0000111010111000111011111000010
0000111010110000111111111000010
1111101100101001110000000100010
1111101100101001010110000100010
0010111001101111100111000100010
0011011101111110110100100100010
0000111011111111001100100100010
0000111011111011101100100100010
0010111001111110100110100100010
0011011101111011110001100100010
0000111110111110101001100100010
0111111111111110011001100100010
0011011111111100111001100100010
0000111011111011001101100100010
0000111010111111001101100100010
0000111011111010101101100100010
0000111011110110101101100100010
0000111010111110101101100100010
0010111001101111100101010100010
1101000111000001111011010100010
0010111001111110100100110100010
0010111001111010100110110100010
0000111011111011001110110100010
0000111010111111001110110100010
0000111010111001101110110100010
0010111011110100001101110100010
0011111110111010111101110100010
0000110111011110101011110100010
0000111010110111001111110100010
0000111010110110101111110100010
0000111010110001101111110100010
1111101000100011000110001100010
0010111001101111010011001100010
0011011101111010110000101100010
0010111011110101111000101100010
0010111001111110010100101100010
0010111001111100110100101100010
0010111011111101011100101100010
0010111001111100110010101100010
0000011101111110110010101100010
0011011101111110100110101100010
0010111001111010010110101100010
0010111001111000110110101100010
0000111011111011011110101100010
0010111011110100111001101100010
0010111011110110011101101100010
0000011100111111110011101100010
0000111010111000111011101100010
0000111011111010011111101100010
0000111010110110011111101100010
1111001001000001100000011100010
1111000001000111100010011100010
1101000111000001101010011100010
0010111011101110011001011100010
0010111000101111010011011100010
0011011101111010100000111100010
1111101000010011100000111100010
0010111001111010110000111100010
0011011100111110100100111100010
0010111000111110010100111100010
0000111010111001011100111100010
0000011100111110110010111100010
0000010101011110110110111100010
0000011111111100111001111100010
0000111010110110111001111100010
0011111110111010101101111100010
0000111011111010011101111100010
0000111010110110011101111100010
0000111010110000111101111100010
1111101100110001101010000010010
0000111010110111111110000010010
0011011111111111000011000010010
0011011111111101010011000010010
0000011111111111010011000010010
0111101111111111110011000010010
0011011101111011001011000010010
0011011101111010011011000010010
0000011101111111011011000010010
0010111011111101110111000010010
0000111011111011110111000010010
0010111001111000111111000010010
0000111011111010111111000010010
0010111011110100110110100010010
0000111111111101110011100010010
0000111110111111110011100010010
0011111110111010101011100010010
0000111110111000111011100010010
0000011101111110011111100010010
0000111010111000111111100010010
0010111011110100110110010010010
0000011101111110011011010010010
0011111110111110101111010010010
0000111010111000111111010010010
1111000101000111001000110010010
1111100010000111100100110010010
1100100010000111110100110010010
1111101010000001100110110010010
0000111010110110110110110010010
0000010111011111010101110010010
0000010111011110011101110010010
0000010101011111011101110010010
0011111110111110100110001010010
0000111010111110110110001010010
0000011111111101010011001010010
0000011101111110011011001010010
0000011101111011011011001010010
0010111001111010101111001010010
0010111011110110101111001010010
0010111011110100111111001010010
0010111011111100110010101010010
0000111111111100110010101010010
0010111001101111101010101010010
0000111011111010110110101010010
0011011101111111001110101010010
0010111001111001101110101010010
0000011101111111011110101010010
0010111011110101100011101010010
0010111001111010101011101010010
0010111011110110101011101010010
0010111001101110101011101010010
0000111010111000111011101010010
0010111001111000111011101010010
0010111000101110111011101010010
0010111000100110101111101010010
0000111010110000111111101010010
0011011111111100000010011010010
0000011111111110010010011010010
0000011101111111001010011010010
0000011101111011011010011010010
0000111011111010100110011010010
0000010111011111011001011010010
0000011111111100001011011010010
0000011101111011001011011010010
0000011100111111001011011010010
0000011101111010011011011010010
0000011100111110011011011010010
0000111010110110101111011010010
0000010101011111011100111010010
0000111010111110100010111010010
0000111010111001101010111010010
0011111110111010100110111010010
0000111010111000110110111010010
0000010101011110011101111010010
0000111011111010101011111010010
0000111010110110101011111010010
0000111010110001101011111010010
0000111010110000111011111010010
0001111110111110010010000110010
0011111110111110100110000110010
0000111010111110110110000110010
0010111011110101110101000110010
0010111011110100111101000110010
0010111001111010111101000110010
0011011101111110111101000110010
0011011101111110101111000110010
0000011101111110111111000110010
0010111011101110010100100110010
0010111011111101011100100110010
0010111001101011011100100110010
0011011111111110100010100110010
0000011111111100110010100110010
0011011101111011101010100110010
0000011101111011111010100110010
0000111011111010010110100110010
0010111111111100111001100110010
0010111011111101010101100110010
0010111001101010011101100110010
0011111110111010011101100110010
0010111011110110011101100110010
0010111000101110011101100110010
0111101111111111000011100110010
0011001111111101100011100110010
0111101111111101010011100110010
0011011101111010101011100110010
0011011101111000111011100110010
0000011101111010111011100110010
0000011100111110111011100110010
0010111000100110011111100110010
0000111010110110011111100110010
0000111010110000111111100110010
0010111001111011111100010110010
0000111011111011111100010110010
0010110111011110010010010110010
0000111111111110010010010110010
0000111011111010110110010110010
0000010101011111111110010110010
0011011100111110101101010110010
0000111010111000111101010110010
0000111010110110111101010110010
1101000110010101100011010110010
0000010101011110111111010110010
0011111110111010100000110110010
0000011101111111111000110110010
0000111010111110010100110110010
0000111111111100110100110110010
0000111010111001011100110110010
0010111000101111011100110110010
0000111110111110110010110110010
0001111110111000000110110110010
0000110110011110010110110110010
0000111010111000110110110110010
0111111111111111001001110110010
0011011100111110101001110110010
0011011111111101101001110110010
0000011111111100111001110110010
0000011100111110111001110110010
0000111011111010011101110110010
0000111010110110011101110110010
0000111010110000111101110110010
0000010111011111110011110110010
0000110110011110111011110110010
0000010101011110111011110110010
0000111110111110100100001110010
0000111010110111011010001110010
0000111010110110110110001110010
0000111011111111001001001110010
0010111011111110011001001110010
0010111011111101011001001110010
0000111111111101100101001110010
0000111011111010101101001110010
0010111001111000111101001110010
0010111011111111000011001110010
0010111011111101010011001110010
0010111011111100001011001110010
0000111011111010011011001110010
0010111011110110010100101110010
0010111011110100110100101110010
0000111011111011001100101110010
0010111001111001111100101110010
0010111011110110100010101110010
0010111011110100110010101110010
0010111011110100000110101110010
0000111011110110010110101110010
0010111001101111001110101110010
0000111011111011100001101110010
0000111010110110101001101110010
0010111001111100111001101110010
0010111000101110111001101110010
0000111010110111001101101110010
0000111010110000111011101110010
0010111000101111001111101110010
0010111011110110100100011110010
0010111011110100110100011110010
0010111011111100000010011110010
0000111011110110010010011110010
0000111011111011001010011110010
0000111011110110100110011110010
0000010101011111101110011110010
0000111011111011010001011110010
0010111011111100001001011110010
0000111010110110011001011110010
0010111001111010101101011110010
0000111010110000111101011110010
0000111010110111001011011110010
0000110110011110101111011110010
0000010101011110101111011110010
1111101010000001100000111110010
1111101010000001010000111110010
0000111110111000110000111110010
0000111011111010110000111110010
0010111011110101101000111110010
0010111001101111101000111110010
0010111011110100000100111110010
0000111010110110010100111110010
0010111001111001101100111110010
1100100010000111000010111110010
0000111010110110100010111110010
0000010111011110110010111110010
1100110000000000001010111110010
0000000000000001101010111110010
0000110110011110100110111110010
0010111000100110101001111110010
0010111000101111001101111110010
0000110110011110101011111110010
0000010101011110101011111110010
0000111010110000001111111110010
1100100010000111000100000001010
1100110000000000001100000001010
0000000000000001101100000001010
1111101010000001010110000001010
0010111001101110101111000001010
0010111011110110100110100001010
0000110111011110101101100001010
1111111111111110010011100001010
0111101111111101010011100001010
0011001111111101110011100001010
0011011101111000111011100001010
0010111011111111000111100001010
0010111001111100001111100001010
0010111001111010101111100001010
0001111110111110011111100001010
1101000111000001110000010001010
1111000101000111111000010001010
1101000110010101110100110001010
0000111011110110100110110001010
0000111010110111001110110001010
0000111111111101100011110001010
0000111110111111100011110001010
0000111011111011000111110001010
0000111110111000001111110001010
0010111001111000001111110001010
1111100010001011110000001001010
1101000111000001100001001001010
1110000001000111111001001001010
0010111011101111010011001001010
1111001001000001101011001001010
0010111001101110011011001001010
0010111001101011011011001001010
0010111011111100110010101001010
0000011111111100110010101001010
0000111011111010010110101001010
1101000110010101100101101001010
0010111011110101110011101001010
0011011101111010101011101001010
0011011100111110101011101001010
0010111001111000111011101001010
0000011101111010111011101001010
0000011100111110111011101001010
0000111010110110011111101001010
1111100011001011100000011001010
0010111001101011011010011001010
0010111001101010011011011001010
0010111000101110011011011001010
0000110111011110010100111001010
0000111110111110110010111001010
0011111110111110100110111001010
0000111010111110010110111001010
0000111010111000110110111001010
0000010111011110111001111001010
0000010101011110111101111001010
0000111010110000111011111001010
0000111111111110100100100101010
0000111011111011001100100101010
0111111111111110010010100101010
0011011111111100110010100101010
0011011101111011111010100101010
0000111010110111001101100101010
0000111010110110101101100101010
0011011101111010011101100101010
0011011100111110011101100101010
0011011101111000111101100101010
0010111001101110101101010101010
0010111000100110101111010101010
0011111110111010110000110101010
0001111110111110010100110101010
0000111110111110100010110101010
0000111111111100000110110101010
0000111011111010100110110101010
0000110111011110100110110101010
0000111010111110100110110101010
0011111110111010010110110101010
0000010101011111001110110101010
0010111011111111000101110101010
0010111011110101100101110101010
0010111001111010101101110101010
0000010101011110101011110101010
0000111010111000001111110101010
1111101010000001110000001101010
1111101010000001101010001101010
0010111000101111011010001101010
1111101010000001100110001101010
0010111001101110011001001101010
0010111001101010011011001101010
0010111011110110010100101101010
0010111011110100110100101101010
0010111011110100110010101101010
0000010111011110110010101101010
0000111011110110010110101101010
0000010101011111011110101101010
0010111001111100111001101101010
0010111000111110111001101101010
0010111001111000111101101101010
0000010111011111010111101101010
0000010100011110011111101101010
0010111001101111011000011101010
1111101010000001100001011101010
0010111000101110011001011101010
0011111110111010100000111101010
0000111110111000110000111101010
0000111011111010110000111101010
0000111010110110010100111101010
0000110110011110010110111101010
0000011100111110111001111101010
0011011101111000001101111101010
0000011101111010011101111101010
0000011100111110011101111101010
1101000110010101101000000011010
1101000110010101100100000011010
1111101000010011000110000011010
1101000111011001100001000011010
0010111001111011110111000011010
0011011101111010101111000011010
0000011101111010111111000011010
0000111011110110010110100011010
0111101111111111000011100011010
0011001111111101100011100011010
0000001111111101110011100011010
0000011100111111110011100011010
0011011101111010101011100011010
0000011101111010111011100011010
0010111001101011010111100011010
0000111011111011010111100011010
0010111001101010011111100011010
0000111011111010011111100011010
0010111000101110011111100011010
0000111010111110011111100011010
0000010101011110111101010011010
0000111010110110010110110011010
0000010111011110111001110011010
0010111000101111010111110011010
0000111010111001011111110011010
0000111110111110010010001011010
0000111010111111011010001011010
0010111011111111000011001011010
0010111011111100001011001011010
0000111011111010011011001011010
0010111001101110100010101011010
0010111001111100110010101011010
0000011101111110110010101011010
0010111001111100000110101011010
0010111001111010100110101011010
0011011101111110100110101011010
0010111001101010010110101011010
0010111001111000110110101011010
0000110110011110101101101011010
0000010101011110101101101011010
0010111001111101100011101011010
0010111000100111100011101011010
0010111000100110101011101011010
0010111000101111000111101011010
0010111001111000001111101011010
0010111000100110011111101011010
0010111011111100000010011011010
0000111111111100000010011011010
0010111001111110010010011011010
0000111011111110010010011011010
0000111011111011001010011011010
0010111001111010100110011011010
0011011101111010100110011011010
0010111001111000110110011011010
0000011101111010110110011011010
0000000111011101110101011011010
0000111010110111001011011011010
0000111010110110011011011011010
0000110110011110010100111011010
0000010101011110110100111011010
0010111000101110110010111011010
0000011100111110110010111011010
0000111110111000000110111011010
0010111001111000000110111011010
0010111000101110010110111011010
0000111010110000001111111011010
0010111000100010011111111011010
1101001000011111000100000111010
0011011100111110110100000111010
0011011100111110010010000111010
0000111110111110010010000111010
0011011101111011010001000111010
0011011101111110011001000111010
0011011111111101011001000111010
0010111001111111110101000111010
0010111001111000111101000111010
0011011101111000111101000111010
0000011111111101010011000111010
0000010111011111010011000111010
0000011101111111010011000111010
0011011101111000001011000111010
0000011101111010011011000111010
0000010101011110111111000111010
0011011101111010110000100111010
0010111001101110010100100111010
0011011101111110010100100111010
0010111001111100110100100111010
0000010111011110110010100111010
0000011101111110110010100111010
0011011101111000000110100111010
0010111001101010010110100111010
0000011101111010010110100111010
0010111001111000110110100111010
0000010101011110110110100111010
0000010101011111011110100111010
0010111000101111010101100111010
0010111000100110011101100111010
0000000111011101110011100111010
0011011100111110101011100111010
0000010100011110111011100111010
0000010101011111010111100111010
0000010100011110011111100111010
0011011101111010010000010111010
0000011101111111011000010111010
0011011101111110100100010111010
0010111001111100110100010111010
0011011111111100000010010111010
0000011101111110010010010111010
0011011101111011001010010111010
0000011101111011011010010111010
0011011101111010100110010111010
0010111001111000110110010111010
0000011101111010110110010111010
0000010101011110110110010111010
0011011101111011000001010111010
0000011101111011010001010111010
0011011111111100001001010111010
0000011100111110011001010111010
0000011111111101011001010111010
0011011101111010101101010111010
0000111010110000111101010111010
0000011100111111010011010111010
0000010101011110011011010111010
0011011101111010100000110111010
0000111110111000110000110111010
0000011101111010110000110111010
0011011100111110100100110111010
0010111000101110010100110111010
0000011100111110010100110111010
0000011100111110110010110111010
0000010101011110010110110111010
0011011101111000001101110111010
0010111000100010011101110111010
0000011101111010011101110111010
0010111000111110110100001111010
0000111010111110010010001111010
0011011100111110100110001111010
0000011100111110110110001111010
0000111011111011000001001111010
0000011111111100001001001111010
0000010101011110011011001111010
0000111011111010100000101111010
0010111001111000110000101111010
0000111111111100000100101111010
0010111001111000000110101111010
0000010101011110010110101111010
0000111011111010010000011111010
0010111001111110100100011111010
0000011111111100000010011111010
0000010111011110010010011111010
0000010101011110100110011111010
0000111010111000001011011111010
0000010100011110011011011111010
0010111001111010100000111111010
0010111001111100000100111111010
0010111000100110100100111111010
0010111000100110010100111111010
0010111000100110100010111111010
0000111010111000000110111111010
0010111000100010010110111111010
0000010011001110010110111111010
0000010100011110010110111111010
0010111000101111000101111111010
0000000011001101010111111111010
1111101100110001110000000000110
0011011111111110011001000000110
0011011111111101011001000000110
0111101111111100111001000000110
0000111011111110101101000000110
0000111011111011101101000000110
0010111001111011100111000000110
1111101100101000110001100000110
0000111110111110101001100000110
0000111011111010101101100000110
0000111010111110101101100000110
0000111111111101101101100000110
0010111001101111100111100000110
1111001001010101010100010000110
0010111001111111100101010000110
0000111011111010101111010000110
0000111010111110101111010000110
0010111001101111100101110000110
0000110111011110101011110000110
0000011100111111000111110000110
0000111010111111111110001000110
0011011101111011010001001000110
0010111001111111110101001000110
0010111011110100111101001000110
0000011101111111010011001000110
0000111011111010111111001000110
0011011101111110010100101000110
0010111001111100110100101000110
0010111001101110110100101000110
0010111001111100110010101000110
0010111001101110110010101000110
0000011101111110010110101000110
0010111001111000110110101000110
0010111001101011110001101000110
0010111011110100111001101000110
0010111011101110111001101000110
0000111010111000111011101000110
0000111010110000111111101000110
0010111001111100110100011000110
0010111001111000110110011000110
0011011101111011000001011000110
1111101000010010100001011000110
0000111010111000111101011000110
0000011100111111010011011000110
0010111001111010110000111000110
0000011101111110010100111000110
0010111000101110110010111000110
0000111010110110111001111000110
0000111010110000111101111000110
0000111010110000111011111000110
0000010100011111010111111000110
0000111110111111101100000100110
0000111011111010101101000100110
0010111011110110101111000100110
0011011101111010110000100100110
0000111011111011001100100100110
0010111001111010100110100100110
0010111001101110100110100100110
0111101111111110011001100100110
0111101111111101011001100100110
0011001111111100111001100100110
0000111010110111001101100100110
0000111010110110101101100100110
0011111110111110011101100100110
0010111000101111000111100100110
0001111110111110011111100100110
0010111001111110100100010100110
0010111001111010100110010100110
0000111011111011101110010100110
1101000110010100111001010100110
0010111011110110101101010100110
0000111010110110101111010100110
0010111001101110100100110100110
0010111001111100000110110100110
0010111000101111000101110100110
0000110110011110101011110100110
0000111010111000001111110100110
0000111010110111011010001100110
0000011100111110110110001100110
0010111011111110011001001100110
0010111011111101011001001100110
0000111011111010011011001100110
0010111001111010110000101100110
0010111001101110010100101100110
0010111001101010010110101100110
0010111011111101011000011100110
0000111011111011011010011100110
0000010101011110110110011100110
0000111010110110011001011100110
0010111001111000110000111100110
0010111001101010110000111100110
0000011101111010110000111100110
0010111000101110010100111100110
0010111000100110110100111100110
0000010101011110110100111100110
0010111000100110110010111100110
0010111000100110010110111100110
0111101111111100001001111100110
0011001111111110101001111100110
0000000111011100111001111100110
0000010011001110111001111100110
0000110110011110111101111100110
1111101000100010111100000010110
1111101000100010101110000010110
0011011101111110011001000010110
0010111011111101110101000010110
0010111011101111110101000010110
0010111001111000111101000010110
0010111001101010111101000010110
0000011111111101010011000010110
0000011101111110011011000010110
0000011101111011011011000010110
0010111011110100110100100010110
0010111111111100111001100010110
0010111011110100110100010010110
1111001001010100001100010010110
0011011111111100001001010010110
0011011100111110011001010010110
0000011101111110011001010010110
0000011111111101011001010010110
0000011100111111011001010010110
0000111010111000111101010010110
0000010111011111010011010010110
0000010111011110011011010010110
0000111111111100111001110010110
0000010100011110011111110010110
0000111110111110100100001010110
0000111111111101100101001010110
0010111011110101110101001010110
0000111011111010101101001010110
0011011101111000001011001010110
0000011101111010011011001010110
0010111001101110101111001010110
0010111001101111111000101010110
0000111011111011101100101010110
0010111001111001111100101010110
0010111001101011111100101010110
0010111001101011111010101010110
0000111011111011100001101010110
0000111010110110101001101010110
0010111001111100111001101010110
0010111000101110111001101010110
0010111000100110101011101010110
0000111010110000111011101010110
0010111001101010111011101010110
0010111001101111101100011010110
0010111001101011111100011010110
0011001111111100000010011010110
0000001111111110010010011010110
0000011101111011001010011010110
1111101010000001100001011010110
1111101010000000110001011010110
0000011100111110011001011010110
0010111000100110101101011010110
0000111010110000111101011010110
0000010111011111000011011010110
1100100010000110100011011010110
0000010101011110011011011010110
0000110110011110101111011010110
0000111110111000110000111010110
0000111011111010110000111010110
0010111001101111101000111010110
0000110110011110100110111010110
0000010111011110010110111010110
0000010101011111001110111010110
0010111000100110101001111010110
0010111011110101101001111010110
0000110110011110101011111010110
0011111110111010010000000110110
0000111110111110010010000110110
0111101111111100000010100110110
0011001111111110100010100110110
0000001111111100110010100110110
0010111000100110011101100110110
0010111001101011111100010110110
0000110111011110010010010110110
0111101111111110110010010110110
1100100010000111010101010110110
0000000111011101110101010110110
1111110000000000001101010110110
1100110000000001011101010110110
0000111010110000111101010110110
0010111000100110111101010110110
0000110110011110111101010110110
0000010101011110111101010110110
0000000000000001111101010110110
0000111110111000110000110110110
0000110110011110010100110110110
0111101111111100001001110110110
0011001111111110101001110110110
0000000111011100111001110110110
0010111000100010011101110110110
0000111010111111001000001110110
0000111010111110010010001110110
0000111010111000110110001110110
0000111011111011000001001110110
0010111001101110011001001110110
0010111011101111000011001110110
0010111001101011001011001110110
0010111001101010011011001110110
0000111011111010100000101110110
0000111010111000001101101110110
0010111001111000001111101110110
0000111011111010010000011110110
0010111001101111001000011110110
1110000001000111101000011110110
0010111011110100000010011110110
0010111001101011001010011110110
0010111000101111001001011110110
0010111000101110011001011110110
0000010100011110111101011110110
0000111010111000001011011110110
0000000111011100110100111110110
0000000111011100110010111110110
0000111010111000000110111110110
1111101010000000000001111110110
0000000011001101110011111110110
0000000011001100111011111110110
0010111000100010111011111110110
1111101010010101010100000001110
1111101010010010011100000001110
1111101000010010111100000001110
1101000110010101110010000001110
1101000110010100111010000001110
0000111011111010101101000001110
0111101111111111110011000001110
0010111001111010101111000001110
1101000111000001111010100001110
0111101111111110011001100001110
0111101111111101011001100001110
0011001111111100111001100001110
0000111011111011001101100001110
0000111010111111001101100001110
0010111001111000001111100001110
0010111001101111001111100001110
0010111011110110100100010001110
0000111011110110100110010001110
0010111001111010101101010001110
0000111011111011100111010001110
0000010101011110101111010001110
0010111011110100000110110001110
0000111010110110100110110001110
0010111011111111000101110001110
0010111001111000001101110001110
0010111001101111001101110001110
0010111001101110101101110001110
0000010101011110101011110001110
0000111010111000001111110001110
1101001000011111101000001001110
0000111010111111011010001001110
0010111011111110011001001001110
0010111011111101011001001001110
0010111011111101010011001001110
0000111011111010011011001001110
0000010101011110111111001001110
0010111001101111111000101001110
0000001111111100110010101001110
0000010111011110110010101001110
0010111001101011111010101001110
1111101010000001010001101001110
1111101010000000110001101001110
0010111001111100111001101001110
0010111000100110111001101001110
0000111010110000111011101001110
0000000111011100111011101001110
0010111000100010111011101001110
0000010011001110111011101001110
0000010100011110111011101001110
0010111011111101011000011001110
0000111011111110010010011001110
0000111011111011011010011001110
0000111011111011010001011001110
0000111010110110011001011001110
0011001111111101100101011001110
0000111010110000111101011001110
0000111110111000110000111001110
0000111011111010110000111001110
0010111011101110010100111001110
0010111000101111011100111001110
1111101010000000000001111001110
0011001111111110101001111001110
0011111110111010010000000101110
0000111110111110100100000101110
0001111110111110010010000101110
0000011101111111001001000101110
0011011101111110011001000101110
0011011111111101010011000101110
0011011101111010011011000101110
0000111111111100000100100101110
0000110111011110100100100101110
0111101111111110010010100101110
0011001111111100110010100101110
0010111001101111001110100101110
0000110110011110101001100101110
0000111110111000001101100101110
0000010101011111001101100101110
0000010101011110101101100101110
0011011100111110111011100101110
0010111000100110101111100101110
0000111111111100000010010101110
0011001111111110010010010101110
0000011101111011001010010101110
0000111011111010100110010101110
0011011100111110011001010101110
0010111011110101100101010101110
0000010111011111000011010101110
0000011111111100001011010101110
0000011100111111001011010101110
0010111001101111001100110101110
0000111110111000000110110101110
0010111000100110101101110101110
0000111010110000001111110101110
0000111010111110010010001101110
0000111010111000110110001101110
0000010111011111010011001101110
0000010101011110011011001101110
1111000001000110011000101101110
0000111011111010010000011101110
0000111011110110010010011101110
0000010101011110011001011101110
0000010100011110011011011101110
0000000111011100110010111101110
0000000011001101111001111101110
0000000011001101011101111101110
0000000011001101110011111101110
0000000011001100111011111101110
1111101000100011000110000011110
1111101010000001100110000011110
0000111010110110110110000011110
0010111001101111110101000011110
0111101111111111000111000011110
0010111001101011110111000011110
0000010111011111110111000011110
0000010101011110111111000011110
0010111011110110010100100011110
0011011101111011110001100011110
0010111011111101010101100011110
0010111000101111010101100011110
0010111001101010011101100011110
0010111000101110011101100011110
0000000111011101110011100011110
0000010101011110111011100011110
0000110110011110011111100011110
0010111000101111110101010011110
0000111010110110010100110011110
0010111000100110010110110011110
0011011101111011100001110011110
0000011101111011110001110011110
0111101111111100001001110011110
0011011100111110101001110011110
0011001111111110101001110011110
0000001111111100111001110011110
0000011100111110111001110011110
0000111011111010011101110011110
0000111010111001011101110011110
0000111010111111001000001011110
0010111000101111011000001011110
0010111000101110110100001011110
0010111000111110010010001011110
0000111010111110010010001011110
0000111010111000110110001011110
0000111011111011000001001011110
0010111001101011010001001011110
1111001001000001110001001011110
0010111001101110011001001011110
0010111001101111000011001011110
0010111001101011001011001011110
0010111001101010011011001011110
0000111011111010100000101011110
0010111001111000110000101011110
0010111001101010110000101011110
0010111001111000000110101011110
0000010101011110110110101011110
0000111010111000001101101011110
0010111000100010011101101011110
0000000011001101111011101011110
0010111001111010010000011011110
0000111011111010010000011011110
0010111001101111001000011011110
0010111001101110100100011011110
0010111001111100000010011011110
0010111001101110010010011011110
0010111001101011001010011011110
0000010101011110100110011011110
0010111001101010110110011011110
0010111001101011000001011011110
0010111011111100001001011011110
0010111000101111001001011011110
0010111000101110011001011011110
0010111000100111100101011011110
0010111000101111000011011011110
0000111010111000001011011011110
0000000011001101110111011011110
0010111001111010100000111011110
0000000111011100110010111011110
0000111010111000000110111011110
0010111001111001100001111011110
0010111000101111000101111011110
0000111010111000110110000111110
1101000111000001100001000111110
0000010101011110011011000111110
0010110111011110010100100111110
0000010101011110010110100111110
0010111000100010011101100111110
0000000111011100111011100111110
0010111001101110110100010111110
0000010101011110110100010111110
0011001111111100000010010111110
0000010111011110010010010111110
0000001111111110010010010111110
0010111001101010110110010111110
0000010101011110011001010111110
0010111000100111110101010111110
0000010100011110011011010111110
0000000011001101110111010111110
0010111000100011110111010111110
0000010101011110010100110111110
0000000111011100110010110111110
0000010100011110010110110111110
0000010011001110011101110111110
0000000011001101011101110111110
0000111010110111001000001111110
0000110110011110100100001111110
0010111000100110110100001111110
0000111010110110010010001111110
0010111000101110010010001111110
0000110110011110010010001111110
0000011100111110010010001111110
0010111000100110100110001111110
0000010100011110110110001111110
0000011101111011000001001111110
0000010111011111001001001111110
0000010101011110101101001111110
0000000011001101110111001111110
0000010101011110100100101111110
0000010101011111001100101111110
0000000111011100110010101111110
0000010101011110101001101111110
0000010100011111000101101111110
0000111010110000001101101111110
0000000111011100001101101111110
0000000011001101110011101111110
0000000011001100111011101111110
0000000011001101010111101111110
0011011101111000000000011111110
0010111001101010010000011111110
0000011101111010010000011111110
0000001111111100000010011111110
0000010101011110010010011111110
0000010011001110011001011111110
0000010011001111001011011111110
0000000011001101011011011111110
0010111000100010110000111111110
0000010011001110010100111111110
0000010100011110010100111111110
0000111010110000000110111111110
0000000111011100000110111111110
0000000011001100110110111111110
0000000011001100111001111111110
0000000011001101010101111111110
0000000011001100001111111111110
1000010000000011000000000000001
1111100010000100111000000000001
0010111011110101101010110000001
0000111011110111101010110000001
0000011101111111000111110000001
1111100010001000111100001000001
1101000110010000001101101000001
0000110111101011111100011000001
0000010111111101011100111000001
0000010111110011011101111000001
0000010011110111011101111000001
0000011101110101010111111000001
1111001001010000110001100100001
1101000110010000111111100100001
0000110111101011101110010100001
0010111011101111001001010100001
0000111010111001101011110100001
0000010111110111101111110100001
1111100010001000001110001100001
1111100010000100001110001100001
1101000111010000111010101100001
1101000110010000111011101100001
0000110111101011011010011100001
0000111010111001011100111100001
0000010111110111111010111100001
0000010011110111111110111100001
0000011101110101110011111100001
0000000111111110111011111100001
0000010111111101111011111100001
0000010111110011111011111100001
1101000100010000001100000010001
1111101000010000111010000010001
1111100011001000110001100010001
0000010111110111011100110010001
0000010111111101010101110010001
0000000111111110011101110010001
0000010101111111011101110010001
0000110111101011111101110010001
1101000110010000000001101010001
1111100010000100110101101010001
0000010111111111011000011010001
0000011101111111001010011010001
0000011101111011011010011010001
0000010111111101011001011010001
0000010111110111011001011010001
0000011101111011001011011010001
0000011100111111001011011010001
0000011101110101011011011010001
0000010101111111011100111010001
0010110111100011110001111010001
0000110111101011110001111010001
0000010111110111010101111010001
1111101010000100000011100110001
1111101000010000001011100110001
1101000110010000110111100110001
0000010101111111111110010110001
0000111011111011010001010110001
0000010111111101110111010110001
0000010111110011110111010110001
0000110111101011011110110110001
1111101010100000000001110110001
0000000001111110111011110110001
0000110111101011010111110110001
0000011101110101111111110110001
0010110111100111111111110110001
1111101000010000111100001110001
1101000110010000111010001110001
1111101000010000001110001110001
1111100010000100000111101110001
0000000011111110110110011110001
0000010111110111101110011110001
0000010101111111101110011110001
0000110111111011100111011110001
0000010111110111100111011110001
0000000001111110111111011110001
1111101000100000001100111110001
0000000111101110110010111110001
0000010101101011101010111110001
0000010111110111101010111110001
0000110111101011001110111110001
0010110111100111101110111110001
0000010111110111100011111110001
0000010111101101110011111110001
0000011100110001111011111110001
0000110111101011000111111110001
1111101000100000111010000001001
0000010101111111101101100001001
1101000100010000111100110001001
0000001111111110110010101001001
0000011101110101111011101001001
1111100011001000001100011001001
1111100010000100000101011001001
0000010111101101110101011001001
1111100010001000001101011001001
0000000111101110111101011001001
0000010101101011111101011001001
1111101000100000001111011001001
1101000110010000110001111001001
0000010111110011110001111001001
0000000111111110111001111001001
0000010111111101111001111001001
0010111011101111000011000101001
0010111001101111001011000101001
0000111011111011100001100101001
0010111001101111001010010101001
0010111001101111001001010101001
0010111001101011001011010101001
0000110111101011100111010101001
0000010101111111001110110101001
0000010111110011000111110101001
1111101000100000111100001101001
1111101000100000001110001101001
0000010111101111010011001101001
0000010111101101011011001101001
0000110111101011011011001101001
0000110111101011110111001101001
0000000111111110110010101101001
0000010111110111111010101101001
0000000111111110010110101101001
0000010111111101011110101101001
0000010111110011011110101101001
0000010011110111011110101101001
0000010101111111011110101101001
0000010111111101110011101101001
0000010111110111110011101101001
0000010111110011111011101101001
0000010111111101010111101101001
0000010111110011010111101101001
0000000011111110011111101101001
0000010111101101011010011101001
0000010111101101010011011101001
0000000111101110011011011101001
0000010101101011011011011101001
1111101000010000001100111101001
1101000100010000001010111101001
0000011101110101111001111101001
0000011100110001011101111101001
1101000110010000000111111101001
0000000001111110111111111101001
0000010111110111111100010011001
0000010111111101110101010011001
1111101010010000001010110011001
1111101010000100001010110011001
1111100011001000000001110011001
0000000011111110111001110011001
0000010111101101110101110011001
0000110111101011011101110011001
0000010101101011111101110011001
0000010111110111100101001011001
0000110111101011001100101011001
0000010101111111101100101011001
0000001111111100110010101011001
0000110111101011100001101011001
0000010111110111101001101011001
0000010101101011101101101011001
0000011101110101110011101011001
0000011100110001111011101011001
0000000111111110110100011011001
1101000110010000110001011011001
0000010111110011111101011011001
0000011101110101110111011011001
0000000111101110110100111011001
1111100010001000001100111011001
0000010101101011111100111011001
0000010101101011110001111011001
0000000111101110111001111011001
0000010111101101111001111011001
0000010011110111011011000111001
0000011101110101110111000111001
0000010111111101110111000111001
0000010111110011110111000111001
0000000111111110010110100111001
0000010111101101011110100111001
0000010101101011011110100111001
0000000001111110111011100111001
0000011101110101010111100111001
0000010111101101010111100111001
0000010111110011010111100111001
0000010101101011010111100111001
0000000111101110011111100111001
0010110111100111111111100111001
1111001001010000110001010111001
0000000011111110011011010111001
1101000110010000000111010111001
0000000011111110110010110111001
0000011101110101010101110111001
0000011100110001011101110111001
0000011101110101010011001111001
0000010111111101010011001111001
0000010111110111010011001111001
0000010111110011011011001111001
0000000001111110111111001111001
0000000111101110110010101111001
0000010101101011111010101111001
0000000111101110010110101111001
0000000011111110010110101111001
0010110111100111101110101111001
0000010111101101110011101111001
0000011100110001010111101111001
0010110111100011110111101111001
0000010111110111001010011111001
0000010111110011011010011111001
0000011101110101011001011111001
0000010111110111000011011111001
0000010111110011001011011111001
0000011100110001011011011111001
0000000001111110010110111111001
0000000011110010110110111111001
0000010101101011001110111111001
0000010011110111001110111111001
0000010101101011000111111111001
1111101000010001110000000000101
1101000110010001011110000000101
0000110111111010101111010000101
0010111011110101101000110000101
0000111010110111101010110000101
0000010111110111001110110000101
0010110111100111101110110000101
0010111001111011100001110000101
0000111010111001101011110000101
0000010101111111000111110000101
0000110111101010101111110000101
1111001001010001010111001000101
1101000110010001011011101000101
0010111001111100110100011000101
0000010111111101011010011000101
0010111001111000110110011000101
0011011101111011000001011000101
0000111010111000111101011000101
0000011100111111010011011000101
0000010111110110011011011000101
0000010111110011011011011000101
0000011101111110010100111000101
0000110111101011111010111000101
0000010101111110010110111000101
0000011101110101010101111000101
0000111010110000111101111000101
0010110111100000111011111000101
0000110111101010111011111000101
0000010100111111010111111000101
0000010111110010011111111000101
0000010011110110011111111000101
1111001001010001110001000100101
0000111011111011001010010100101
0010111011111100001001010100101
0000111010110111001011010100101
0000010111110110101111010100101
0000111010111001101010110100101
0000010101111110100110110100101
0000110111101011001110110100101
0010110111100110101101110100101
0000111010110001101011110100101
0000110110111110101111110100101
1101000100010001100000001100101
1111101000010001100110001100101
0000010101111110110100011100101
0000010111110111111100011100101
0000010011110111111110011100101
0000010111111100111101011100101
0000010111110010111101011100101
0000011101110101110111011100101
0000010011110110111111011100101
0000010111110111111000111100101
0010111000101110010100111100101
0000010100111110110100111100101
0000110111101011011100111100101
0000011101110100110010111100101
0010111000100110010110111100101
0000010101101011110001111100101
0000010111101100111001111100101
0000010111110110111001111100101
0000000111101111111001111100101
0000110111101010011101111100101
0010110111100010111101111100101
0000010111110010111011111100101
1111100010000101100010000010101
1111101000010001101010000010101
1101000110010001010110000010101
1111101011100001100000010010101
0010110111100110110110010010101
0000110111101011110111010010101
0000110111101010111111010010101
1111101010100001100000110010101
1111001000100001011010110010101
0000010111110110010110110010101
0000010111110011011110110010101
0000010100111110011111110010101
1111100010001001100110001010101
0000010111111110010010011010101
0000011101111011001010011010101
0000010111101101011010011010101
0000000111101111011010011010101
0000110111101010100110011010101
0000011100111110011001011010101
0000011101110101011001011010101
0000010111110111000011011010101
0000010111101111000011011010101
0000010111101101010011011010101
0000000111101111010011011010101
0000010111111100001011011010101
0000010111110011001011011010101
0000000111101111001011011010101
0000010111110010011011011010101
0000010111101110011011011010101
0000010100111110011011011010101
0000010101101011011011011010101
0010110111100011110111011010101
0010110111100110101111011010101
0000110110111110101111011010101
0000111110111000110000111010101
0000110111101011101010111010101
0000110110111110100110111010101
0000010101111111001110111010101
0000110111101010101011111010101
0010110111100110101011111010101
0000110110111110101011111010101
0000010111110011000111111010101
0000000011110011010111111010101
1111100010001001101010000110101
0000110111101011111100010110101
0000110111101010110110010110101
0000111010110110011001010110101
0000010111111101110101010110101
0000010111110111110101010110101
0000000111111111110101010110101
0000110111101010111101010110101
0010110111100110111101010110101
0000010111110110111101010110101
0000110110111110111101010110101
0000010101111110111101010110101
0000110111101110010100110110101
0000110110111110010100110110101
0000110111101011011100110110101
0000110111101010010110110110101
0000010011110110111001110110101
0000000011111111111001110110101
0010110111100010011101110110101
0000110111101010011101110110101
0000000011111111110011110110101
0000011101110100111111110110101
1000010000000010101100001110101
0000110111111010010000011110101
0010110111100110100100011110101
0000010111111100110100011110101
0000010111110110110100011110101
0010110111100110010010011110101
0000110111101110010010011110101
0000110111101011001010011110101
0000010111110110100110011110101
0010110111100010110110011110101
0000010111110010110110011110101
0000010011110110110110011110101
0000110111101011010001011110101
0010110111101111001001011110101
0000110111101110011001011110101
0010110111100010111101011110101
0000010100111110111101011110101
0000110111101010011011011110101
0000000011110011110111011110101
0000010101111110101111011110101
0010110111100010110000111110101
0000010111110010110000111110101
0000110111101010110000111110101
0010110111100110010100111110101
0000010111110110100010111110101
0000010111101100110010111110101
0000111010111000000110111110101
0010110111100010010110111110101
0010110111100110101001111110101
0010110111100000001101111110101
0000010101101010101011111110101
0000011100110000111011111110101
0000111011111111001001000001101
0010111011110110100010100001101
0010110111100110100110100001101
0000111011111011100001100001101
0000111010111110101001100001101
0000010111110111101110010001101
0010111011111100001001010001101
0000110111111011100111010001101
0000010101111110101111010001101
0000111011110110100010110001101
1101001000100001111010110001101
0000010111110110100110110001101
0000110111101011000111110001101
0000010111111101110111001001101
0000010111110011110111001001101
0000110111111010111111001001101
0000010111110110111111001001101
0000010101111110111111001001101
0000010111111100110010101001101
0000010111101110110010101001101
0000010101101011111010101001101
0000110111101010010110101001101
1101001000100001101101101001101
0000010111101101110011101001101
0000010111110111110011101001101
0000000111101111110011101001101
0000011101110100111011101001101
0000010111101100111011101001101
0010110111100010111011101001101
0000010111110010111011101001101
0000010101101010111011101001101
0000010100111110111011101001101
0010110111100011110111101001101
0000110111111010110110011001101
0000111010110000111101011001101
1101000100010001101011011001101
0000000011111111110111011001101
0000010011110110111111011001101
0000111110111000110000111001101
0000010111101100110010111001101
1000010000000010111111111001101
0000111110111110100100000101101
0000010111110111100101000101101
0000110111111010101101000101101
0000010111110110101101000101101
0000010101111110101101000101101
0000110111101110100100100101101
0000110111101011001100100101101
0000010101111111001100100101101
0000111010110110101001100101101
0000010111110111000101100101101
0000010111101111000101100101101
0000110111101010101101100101101
0000110110111110101101100101101
0000010101101011101101100101101
0010111011111100000010010101101
0000110111111010100110010101101
0000010011110111001011010101101
0000000011111111001011010101101
0000110111101010100110110101101
0000111010111000110110001101101
0000010111111101010011001101101
0000010111110111010011001101101
0000010111110010011011001101101
0000010101111110011011001101101
0000000011110011110111001101101
0000010111111100111111001101101
0000010011110110111111001101101
0010110111100010110000101101101
0010110111100110010100101101101
0000010111110110110010101101101
0010110111100010010110101101101
0000010111110010010110101101101
0000010011110110010110101101101
0000000011110011010111101101101
0000010100111110011111101101101
0000010111111101011000011101101
0000010111110111011000011101101
0000010111111100110100011101101
0000010111110110110100011101101
0000010111110110010010011101101
0000010111110011011010011101101
0000010111110010110110011101101
0000010011110110110110011101101
0000010111110011010001011101101
0000010111110110011001011101101
0000010101111110011001011101101
0000011101110101011001011101101
0000010100111110011011011101101
1101000110010001010000111101101
0000010111110010110000111101101
0000110111101010110000111101101
0000010011110110010100111101101
0000010111101110010100111101101
0000010111101100110100111101101
0000010111101101011100111101101
0000010111110011011100111101101
0000010101101011011100111101101
0000000111101111011100111101101
1000010000000010111100111101101
0000000001111111111110111101101
0000011101110100111001111101101
0000010111101101010101111101101
0000000111101111010101111101101
0000000011111111010101111101101
0000010111110010011101111101101
0000010101101010011101111101101
1111001000100001101010000011101
0000111010110111011010000011101
0010111001101110011001000011101
0010111001101010011011000011101
0000010111101101110111000011101
0000010101101011110111000011101
0000000111101111110111000011101
0000010101101010111111000011101
0010110111100010010110100011101
0000010111110110110110100011101
0000000011111111110011100011101
0000110111101011010111100011101
0000110111101010011111100011101
0000110110111110011111100011101
1111001001010001100000010011101
0000111011110110010010010011101
0000010111110110110110010011101
0010111000101110011001010011101
0010110111101111001011001011101
0000110111101010011011001011101
0010110111100011110111001011101
0010110111100110101111001011101
0000010111101100110010101011101
0010111001111000000110101011101
0000010101111110110110101011101
0000111010111000001101101011101
0010111000100010011101101011101
0010110111100110101011101011101
0010110111100000111011101011101
0000011100110000111011101011101
0000110111101011001010011011101
0000010101111110100110011011101
0000010101101010110110011011101
0000010101101011101110011011101
0000010101101011100111011011101
0000000011110011110111011011101
0000010101101010101111011011101
0000010111110110101111011011101
0000010101101011101010111011101
0000111010111000000110111011101
0000010101101010101011111011101
0000010111110110101011111011101
0010111000111110010010000111101
0000111010111110010010000111101
0010111001101011010001000111101
0010110111100110111101000111101
0000000011111111010011000111101
0000010011110110011011000111101
0010111001111000110000100111101
0000110111101010010110100111101
0000010111101110010110100111101
0000010101111110010110100111101
0000010101101010110110100111101
0000000111101111011110100111101
0010110111100010011101100111101
0000011100110001010111100111101
0000000111101111010111100111101
0000010111110010011111100111101
0000010101101010011111100111101
0000010100111110011111100111101
0010111001111010010000010111101
0000111011111010010000010111101
0000010101111110110100010111101
0000010101101011111100010111101
0000010011111110010010010111101
0000010101101010110110010111101
0000010011110110011001010111101
0000000011111111011001010111101
0000010111101101110101010111101
0000000111101111110101010111101
0000010101101010111101010111101
0000010111101110010100110111101
0000010100111110010100110111101
0000010111101101011100110111101
0000010101101011011100110111101
0000000111101111011100110111101
0000000011110011110001110111101
0000010111101101010101110111101
0000000111101111010101110111101
0000010111110010011101110111101
0000010101101010011101110111101
0000011100111110010010001111101
0000010100111110110110001111101
0000110111101011000001001111101
0000010111111100001001001111101
0000010111110111001001001111101
0000000111101111001001001111101
0010110111101110011001001111101
0000010101101010101101001111101
0010110111100010111101001111101
0000010111101101010011001111101
0000000111101111010011001111101
0000010101101010011011001111101
0000110111101010100000101111101
0000010111110111101000101111101
0000010111111100000100101111101
0000010111110110100100101111101
0000010101111110100100101111101
0000010101101011001100101111101
0000010111110111001100101111101
0000011101110100110010101111101
0010110111100000000110101111101
0000010101101010010110101111101
0000010101101011100001101111101
0000010111110110101001101111101
0000010101111110101001101111101
0000000111101111000101101111101
0000010100111111000101101111101
0000010111110011001101101111101
0010110111100000111101101111101
0011011101111000000000011111101
0000110111101010010000011111101
0000011101111010010000011111101
0000010111101101011000011111101
0000000111101111011000011111101
0000010111101100110100011111101
0000010111111100000010011111101
0000010111101110010010011111101
0000010101111110010010011111101
0000010101101011001010011111101
0000010101101010100110011111101
0000010101101011010001011111101
0000010111101110011001011111101
0000000111101111000011011111101
0000010111101100001011011111101
0000010101101010110000111111101
0000111010110000000110111111101
0000010111101100000110111111101
0000010100100001011101111111101
0000010100100000111101111111101
0000010100100000111011111111101
0000010100100001010111111111101
1111001000100001010110000000011
0000110111101111101101000000011
0010111001101111100111000000011
0000110111111110101001100000011
0000110111111010101101100000011
0010110111100111101100010000011
0000011100111111000111110000011
0010110111100010111101001000011
0010111001111100110010101000011
0000011101111110010110101000011
0010111001111000110110101000011
0000111010111000111011101000011
0000011101110101010111101000011
0000111010110000111111101000011
1111100010000101101001011000011
0000010111101111011001011000011
0000110111101010111101011000011
0000010111110010011101111000011
0000010011110110011101111000011
0000111010110000111011111000011
0010110111101111001011000100011
0010110111100110101111000100011
0011011101111010110000100100011
0000111011111011001100100100011
0010111001111010100110100100011
0000111010110111001101100100011
0000111010110110101101100100011
0000110111101111001010010100011
0010111001101110100110010100011
0000110111101011001011010100011
0000110111101010101111010100011
0010111001111100000110110100011
0000010101111110100110110100011
0000110111111010101011110100011
0000010111110110101011110100011
0000111010111000001111110100011
1101001000100001100000001100011
0010111000101110110110001100011
0000110111101010011011001100011
0010111001111010110000101100011
0000010111110111111010101100011
0000010101111110110110101100011
0000110111111011111110101100011
0000011101110101110011101100011
0000010111111100111011101100011
0000010111110010111011101100011
0000010011110110111011101100011
0000000011111111111011101100011
0010111001101110010010011100011
0010111001101011010001011100011
1111101000010001100000111100011
0010111001111000110000111100011
0000011101111010110000111100011
0000011101110100110010111100011
1101000100010001100110111100011
0000011111111101010011000010011
0000011101111110011011000010011
0000011101111011011011000010011
0010110111101110111001100010011
0000010111111110011001010010011
0000010111111101011001010010011
0000110111111010111101010010011
1111100010000101100100110010011
0000010111110011011100110010011
0000010011110111011100110010011
0000110111101011110001110010011
0000110111101110111001110010011
0000000011111111010101110010011
0000010101111110011101110010011
0000110111101010111101110010011
0000010111111111001001001010011
0000110111111010101101001010011
0000011101111010011011001010011
0000010101111111001100101010011
0000110111101011101100101010011
0000110111101011100001101010011
0010110111100011110001101010011
0000110111101110101001101010011
0000010111110111000101101010011
0000010111111100001101101010011
0000010111110011001101101010011
0000110111101010101101101010011
0000110110111110101101101010011
0010111000100110101011101010011
0000111010110000111011101010011
0000010111111101011000011010011
0000011101111011001010011010011
0000010111110110011001011010011
0000010101111110011001011010011
0000010011111110011001011010011
0000000011111111011001011010011
0000110111101010110000111010011
0000010111111110010100111010011
0010110111100110101101111010011
0000010100111110011101111010011
0011111110111010010000000110011
0000111110111110010010000110011
0000010111111101110111000110011
0000010111110011110111000110011
0000000011111111110111000110011
0000110111111010111111000110011
0000010011110110111111000110011
0000010101111110111111000110011
0000010111111100110010100110011
0000010111101110110010100110011
0000010101101011111010100110011
0000110111101010010110100110011
0010111000100110011101100110011
0000010111101101110011100110011
0000010111110111110011100110011
0000000111101111110011100110011
0010110111100000111011100110011
0000011101110100111011100110011
0000010111101100111011100110011
0000010111110010111011100110011
0000010101101010111011100110011
0000010100111110111011100110011
0000011100110001111011100110011
0010110111100010011111100110011
0000110110111110011111100110011
0000110111111110010010010110011
0000110111111010110110010110011
0000000001111111111110010110011
0000111010110000111101010110011
0000000011110011110111010110011
0000111110111000110000110110011
0000011101110100111001110110011
0000111010111111001000001110011
0000111010111110010010001110011
0000111010111000110110001110011
0000111011111011000001001110011
0000010111111100111111001110011
0000010111110010111111001110011
0000111011111010100000101110011
0000010111110110110010101110011
0010110111100110100110101110011
0010110111100010010110101110011
0000010111110010110110101110011
0000111010111000001101101110011
0000000011111111110011101110011
0010110111100110101011101110011
0000111011111010010000011110011
0010111011110100000010011110011
0000110111111010100110011110011
0000010111110110100110011110011
0000010111111100110110011110011
0000010111110010110110011110011
0000111010111000001011011110011
0000010111110110100010111110011
0000010111101100110010111110011
1000010000000010101010111110011
0000111010111000000110111110011
0000110111101010100110111110011
0000010101101010101011111110011
0000011100110000111011111110011
1111100010000101110100000001011
1000010000000010101100000001011
0000110111101110101101000001011
0000110111111011100001100001011
0000010101111110101101100001011
0010111001111000001111100001011
0010110111101111001001010001011
1101000110010001110000110001011
0010111011110100000110110001011
0000111010110110100110110001011
0000111010111000001111110001011
1111100010001001110000001001011
0010110111101110011001001001011
0010111001101010011011001001011
1101000110010001100001101001011
0000011101110100111011101001011
0000011100110001111011101001011
1111100011001001100000011001011
0000010111101110110100011001011
0000110111101011010001011001011
0000110111101110011001011001011
0000000111101111110101011001011
0000010111101100111101011001011
0000010101101010111101011001011
0000110111111010110000111001011
0000110110111110010100111001011
0000010111111100111001111001011
0000010111110110111001111001011
0000111111111100000100100101011
0000110111101011001010010101011
0000110111101010100110010101011
0010111000100110101101010101011
0000010111101111000011010101011
0000000111101111001011010101011
0000111110111000000110110101011
0000010111110111100011110101011
0000000011111111000111110101011
0000011101110100001111110101011
0000010011110111001111110101011
0010111000101111011000001101011
0000010111101101010011001101011
0000000111101111010011001101011
0000010111101110011011001101011
0000010101101011011011001101011
0000010111111100110010101101011
0000010111110110110010101101011
0000010111110010010110101101011
0000010011110110010110101101011
0000000011111111110011101101011
0000000011110011010111101101011
0000010111101110010010011101011
0000010101101011011010011101011
0000000111101111011010011101011
0010110111100010110110011101011
0000010101101010011011011101011
0000011101110100111001111101011
1101000110010001100000000011011
1111101000010001100110000011011
0010110111100110010100100011011
0000010111110110110100010011011
0000000111111111110101010011011
0010110111100010110000110011011
0000010111110111111000110011011
0000011101110100110010110011011
0010111000100110010110110011011
0000010101101011110001110011011
0000010111101100111001110011011
0000000111101111111001110011011
0000000111101111110101110011011
0000110111101010011101110011011
0000010101101010111101110011011
0010111000111110010010001011011
0000111010111110010010001011011
0000010111110110101101001011011
0000010101111110101101001011011
0000110111111010100000101011011
0000010101111110100100101011011
0010111001111000000110101011011
0000010111110110101001101011011
0000010101101010101101101011011
0010110111100010011101101011011
0000011100110000111011101011011
0000110111111010010000011011011
0000010111111100110100011011011
0000010101111110110100011011011
0010111001111100000010011011011
0000010111110010111101011011011
0000111010111000001011011011011
0000110111101110010100111011011
0000010111101100110100111011011
0000010100111110110100111011011
0000111010111000000110111011011
0010110111100000001101111011011
0000110110111110010010000111011
0000011101110101010011000111011
0000010111111101010011000111011
0000010111110111010011000111011
0000010111110010011011000111011
0000010101111110011011000111011
0000000011110011110111000111011
0000010111101100110010100111011
0000010111101110010110100111011
0000010101111110010110100111011
0000010101101010110110100111011
0000000111101111011110100111011
0000011100110000111011100111011
0000011100110001010111100111011
0000000011110011010111100111011
0000000111101111010111100111011
0000010101101010011111100111011
0000010011110110011111100111011
0000010101111110010010010111011
0000010111111101011010010111011
0000011101110101011001010111011
0000010100111110011011010111011
0000011100110001011011010111011
0000010100111110010110110111011
0000111010110110010010001111011
0000011100111110010010001111011
0000011101111011000001001111011
0000000011111111010011001111011
0000010011110110011011001111011
0000011101110100110010101111011
0010110111100000000110101111011
0000010101101010010110101111011
0000011101111010010000011111011
0000010111111100000010011111011
0000010111110110010010011111011
0000010011110111001010011111011
0000000011111111000011011111011
0000011101110100001011011111011
0000111010110000000110111111011
0000011101110100000110111111011
0000010111101100000110111111011
0000010101101010100110111111011
0000000011110011000111111111011
0000000111101111000111111111011
0000011100110000001111111111011
0000010100100000111111111111011
0011011101111011010001000000111
0000011111111111001001000000111
0000111011111010101101000000111
0010110111100111101110100000111
0000011101111111000011010000111
0000010011110111001110110000111
0000110111101010101011110000111
0011011100111110010010001000111
0000010111110110011011001000111
0000010011111110011011001000111
0000010111111101011011001000111
0000010111110011011011001000111
0000000011111111011011001000111
0000110111111010111111001000111
0010111001111010110000101000111
0000110111101011111010101000111
0000010101111110010110101000111
0000010111111101011110101000111
0010110111100000111011101000111
0000111010110000111011101000111
0000110111101010111011101000111
0000010100111111010111101000111
0000010111110010011111101000111
0000010011110110011111101000111
0011011101111010010000011000111
0000011101111110010010011000111
1111101000010001100001011000111
0000011101111011010001011000111
0000111010110000111101011000111
0000011101110101010011011000111
0000010111110010011011011000111
0000010011110110011011011000111
0010111001111000110000111000111
0000010100111110010110111000111
1111001001010000000001111000111
0000110111111010101101000100111
0000010111110110101101000100111
0000110111101011001100100100111
0010111001111100000110100100111
0000010111110110101001100100111
0000110111101110101001100100111
0000110110111110101001100100111
0000110111101010101101100100111
0010110111100110101011100100111
0000010101111110100110010100111
0010111001111100000100110100111
0000110111101011101010110100111
0010111001111000000110110100111
0010110111100110101001110100111
0000111010110000001111110100111
0000010100111110110110001100111
0000011101110101110111001100111
0000010111111100111111001100111
0000000011110010111111001100111
0010111001111000110000101100111
0010111001101010110000101100111
0010110111101110011101101100111
0010110111100000111101101100111
0000000011110010111011101100111
0000000001111110110110011100111
0000000111111110111101011100111
1111100010000100001000111100111
0010111000100110010100111100111
0000010011110110111001111100111
0000000111101110111001111100111
0000000011111110111001111100111
1111101000100000111100000010111
0000111010110110110110000010111
0000010111111101010011000010111
0000010111101111010011000010111
0011011101111000001011000010111
0000011101111010011011000010111
0000010111101110011011000010111
0000010101111110011011000010111
0000010111101101011011000010111
0000000111101111011011000010111
0000110111101011110111000010111
0000110111101010111111000010111
0000010111110110010110100010111
0010110111100110110110100010111
0000010111110011011110100010111
0000010011110111011110100010111
0000110111101010111011100010111
0000000011111111010111100010111
0000010100111110011111100010111
0000000001111110011111100010111
0000010111110011011010010010111
0000011100111110011001010010111
0000010100111110011011010010111
0000010111110010010110110010111
0000010011110110010110110010111
0000111010111000110110001010111
0000010111101101010011001010111
0000010111110111010011001010111
0000000111101111010011001010111
0000000011111111010011001010111
0000010111110010011011001010111
0000010011110110011011001010111
0000000111101110011011001010111
0000000011111110011011001010111
0000010101101011011011001010111
0010110111100011110111001010111
0010110111100110101111001010111
0000111011111010100000101010111
0000000111111110010110101010111
0000110111101010110110101010111
0010110111100110101011101010111
0000000011110011010111101010111
0000011111111100000010011010111
0000010111101110010010011010111
0000000111111110010010011010111
0000010101101011011010011010111
0000000111101111000011011010111
0000000011111111000011011010111
0000011101110100001011011010111
0000010111101100001011011010111
0000010101101011001011011010111
0000010011110111001011011010111
0000010101101010011011011010111
0000011100110001011011011010111
0000000011110011011011011010111
0000110110111110010010000110111
0000111010111000110110000110111
0010110111101110011001000110111
0010110111100110111101000110111
0000110111101010011011000110111
0010110111100011110111000110111
0000000011110011110111000110111
0000000001111110111111000110111
0010110111101110010100100110111
0000010111101100110010100110111
0000000111101110110010100110111
0010110111100011110001100110111
0010111000100010011101100110111
0010110111100010011101100110111
0000011100110000111011100110111
0000110111111010010000010110111
0000110111101110010010010110111
0000110111101011011010010110111
0000110111101011010001010110111
1101000110010000110001010110111
0000110111101110011001010110111
1111100010000100000101010110111
1100110000000010011101010110111
1000010000000010111101010110111
0000110111101010110000110110111
0000010111110011110001110110111
0000010111101100111001110110111
0000000111101110111001110110111
0000111010110111001000001110111
0000110110111110100100001110111
0000111010110110010010001110111
0000110111101011000001001110111
0000010111110111100101001110111
0000110111101010101101001110111
0000010101111110101101001110111
0000110111101010100000101110111
0010110111100010110000101110111
0000010111110111101000101110111
0000010111110110100100101110111
0010110111100110010100101110111
0000000011111110110010101110111
0010110111100000000110101110111
0000010101111110101001101110111
0000111010110000001101101110111
0000000001111110111011101110111
0010110111100010010000011110111
0000110111101010010000011110111
0000000111111110110100011110111
0000000011110010110110011110111
0000111010110000000110111110111
0000010100100000111011111110111
0000000000111110111011111110111
1111101000010000111100000001111
1101000100010000111010000001111
1101000110010001110110000001111
0010111011110100000110100001111
0000111110111000001101100001111
0000010111110110100110010001111
0010111011110100000100110001111
0000010111110110100010110001111
0000010101101010101011110001111
0000111010111110010010001001111
0000111010111000110110001001111
0000010111101100110010101001111
0000000111101110110010101001111
0000000011111110110010101001111
0000011100110000111011101001111
0000000011110010111011101001111
0000000000111110111011101001111
0000111011111010010000011001111
0000000011110011110111011001111
0000000001111110111111011001111
0000110110111110100100000101111
0000011111111100001001000101111
0000010111110111001001000101111
0000110111111010100000100101111
0000110111101011100001100101111
0000010101111110101001100101111
0000000111101111000101100101111
0000111010111000001101100101111
0000010101101011001101100101111
0000010101101010101101100101111
0000011111111100000010010101111
1101000110010000110001010101111
0000010111110111000011010101111
0000011101110100001011010101111
0000010111111100001011010101111
0000010111110011001011010101111
0000010101101011101010110101111
0000111010111000000110110101111
0000000011110011000111110101111
0000111010110110010010001101111
0000000011111111010011001101111
0000010011110110011011001101111
0000000011111110011011001101111
0000000011110011011011001101111
0000000001111110111111001101111
0000000011111110010110101101111
0000000011110010011111101101111
0000000111111110110100011101111
0000010011110110010010011101111
0000000011111110010010011101111
0000000011110010110110011101111
0000010011110110011001011101111
0000000011111110011001011101111
0000000111101110010100111101111
0000000011111110010100111101111
0000000011110011110001111101111
0000000011110010011101111101111
0000010100100000111101111101111
0010111000100110110110000011111
1101000100010001110110000011111
1111101000100000001110000011111
1111101000010000001110000011111
1111100010000100001110000011111
0000110111101010011011000011111
0000000011111111110111000011111
0000000001111110111111000011111
0000011101110100110010100011111
0000010111110110110010100011111
0000010111101101110011100011111
0000000111101111110011100011111
0000010101101010111011100011111
0010110111100110010010010011111
0000010011110110110110010011111
0010111000100110010100110011111
0010111000100010010110110011111
0010111000101110010010001011111
0000111010110000001101101011111
0010111001101010010000011011111
0000010101101010100110011011111
0000010100100000111011111011111
0000011100111110010010000111111
0000010111101101010011000111111
0000000111101111010011000111111
0000010101101010011011000111111
0000000111101110011011000111111
0000010101101010010110100111111
0000000111101110010110100111111
0000000001111110010110100111111
0011011101111000000000010111111
0000110111101010010000010111111
0000011101111010010000010111111
0000010111101101011000010111111
0000000111101111011000010111111
0000000111101110010010010111111
0000010101101011011010010111111
0000000001111110110110010111111
0000010111110011010001010111111
0000010101101011010001010111111
0000000111101110011001010111111
0000010101101010110000110111111
0000000111101110010100110111111
0000000001111110010100110111111
0000000011110010011101110111111
0000000000111110011101110111111
0000010100100000111011110111111
0001111110111000000000001111111
0010111000100110010010001111111
0000010100111110010010001111111
0000000000111110110110001111111
0000010111110011000001001111111
0000011101110100001001001111111
0000010111101100001001001111111
0000010011110111001001001111111
0000000011111111001001001111111
0000000011110010011011001111111
0000000011110010010110101111111
0000010100100000111011101111111
0010111001111000000000011111111
0000010111110010010000011111111
0000000111101110110100011111111
0000011101110100000010011111111
0000010111101100000010011111111
0000000001111110010010011111111
0000011100110001010001011111111
0000000011110011010001011111111
0000010100100000111101011111111
0000011100110000001011011111111
0000000011110011001011011111111
0000000011110010110000111111111
0000000000111110010100111111111
0000010100100001011100111111111
0000011100110000000110111111111
0000010100100000001111111111111
