0000000000000000000000000000000
1100110000000001100000000000000
1111110000000001110000000000000
1111101010000000111010000000000
1111101010000110111010000000000
1111111100000001110110000000000
1111111110000001111110000000000
1111000101001110010101000000000
1111101100101000110111010000000
0010111011110111101010110000000
0010111001111111100011110000000
0000111011111011101011110000000
0000111110111001101111110000000
1111111100001101100010001000000
1111111100001101100110001000000
1111000101001110010101001000000
1101000111000000001101001000000
1101000111011100001000101000000
1101000110010100001001101000000
1101000111011000001101101000000
1101000110010100001101101000000
1111101000010010100111101000000
0000111010111001111110111000000
0010111011110101111111111000000
1111111100001101110100000100000
1111101011000000111011000100000
1101000110010100111111100100000
0000111011111011101010110100000
0000111010111111101010110100000
0010111011110101101001110100000
1111111100001011110000001100000
1111111100001011000110001100000
1111111100000001100110001100000
1100110000000001010110001100000
1101000110010100111011101100000
1111101100101000110001011100000
0011011101111011100001111100000
0000011101111011110001111100000
0111111111111111001001111100000
0011011111111101101001111100000
0000011111111111111001111100000
0000111010111001011101111100000
1101000110010100001100000010000
1111101000010010101010000010000
1111101010010010101010000010000
1111111000010011101010000010000
1111101010010100111010000010000
1111101000010010111010000010000
1101000111011000001101000010000
1101000111011100001101000010000
1101000111011000000001101010000
1101000110010100000101101010000
1101000111000000001101101010000
1101000110010100001101101010000
1100110000000001101101101010000
1111110000000001111101101010000
0011001111111110010010011010000
0011011101111011001010011010000
0010111001111101101110011010000
0000011111111111000011011010000
0011011111111101010011011010000
0000111110111001100111011010000
1111101011011000110001000110000
0000010101011111111110100110000
1111101010010010010001100110000
1111101010000000110001100110000
1111101010010100000011100110000
1111101010010100001011100110000
1101000110010100111110001110000
1100110000000001011111101110000
0111101111111100000010111110000
0011001111111110100010111110000
0111101111111110010010111110000
0000001111111100110010111110000
1111101010100100111010000001000
1101000110010100111100110001000
1111101100101100001110001001000
0111101111111100000010101001000
0011001111111110100010101001000
0000011101111011111010101001000
1111110000000001101101011001000
1100110000000001011101011001000
1100110000000001111101011001000
1111101010100100000111011001000
1101000110010100110101111001000
0011001111111110010100100101000
0011011101111001011100100101000
0011011101111011011100100101000
1111101010000000110001010101000
0010111001101111001011010101000
1111101010000000111011010101000
1111101010100100000101011101000
0011001111111110010100111101000
0000000111011100111011111101000
0011011111111101100111000011000
0000011101111011110111000011000
0000011101111111110111000011000
0010111001111111110011100011000
0011011101111001010111100111000
1101000110010100000111010111000
0011011101111011010001001111000
0000011101111111001001001111000
0011011111111101011001001111000
0010111001111101110101001111000
0000111011111011101101001111000
0000001111111100000110111111000
1100110000000001010110111111000
0000011101111011000111111111000
0000010011001111001111111111000
1111101000010011110000000000100
1111111000010011110000000000100
1111101010010101111000000000100
1101001000011111000100001000100
1111000101001111000010101000100
1101001000011111110010000100100
0000111010111001101011110100100
1111101000010011000110001100100
1111111000010011000110001100100
1111101000010011100110001100100
0010111001101110010100111100100
0010111001111110010100111100100
1111101010000001110000000010100
1111101010010011110000000010100
1111111100000000111100000010100
1111111000010010101010000010100
1111110000000001101010000010100
1111101010000001101010000010100
1100110000000001111010000010100
0000010101011111011110101010100
0011011101111000001011011010100
0000011101111010011011011010100
1101001000011111101000000110100
1101000110010101100101100110100
1101000110010101100100001110100
1100110000000000001100001110100
0000000000000001101100001110100
1100110000000001101100001110100
1111101010000001010110001110100
1111110000000000001110001110100
1100110000000001011110001110100
0000000000000001111110001110100
1101000111000001100001001110100
0011011111111100110010111110100
0000111011111010010110111110100
0111101111111101010011111110100
0011011101111000111011111110100
1111111111111110010101000001100
0111101111111101010101000001100
0011001111111111110101000001100
0011011101111000111101000001100
0010111011111111001001010001100
1111101010000001010000110001100
0011011101111001101100011001100
0000000000000001111111111001100
0000111010111110101001100101100
0000111010111001101010110101100
0000110110011110100110110101100
0011011101111000001011001101100
0000011101111010011011001101100
1100110000000001011100111101100
1111101010100101100010000011100
1111101010010011000000110011100
0011111110111010010000001011100
0010111001101110010100101011100
0011011101111000000110100111100
0011011101111010100110100111100
0000011101111010010110100111100
0000011101111110010110100111100
0010111001101110010010010111100
0000010101011110110100110111100
0010111011110100000110101111100
0000111010111000001101101111100
0000000011001101011101111111100
1111000101001111010101010000010
1111101100101001100110001000010
1111000101001111000100011000010
1111101010000001101011011000010
1111101100101001110000000100010
1101000111000001111011010100010
0000111010111001101110110100010
0010111001101111010011001100010
0011011101111010100000111100010
0011011111111100000010011010010
0000011111111110110010100110010
0000011101111011111010100110010
1100110000000000001010111110010
0000000000000001101010111110010
1100110000000000001100000001010
0000000000000001101100000001010
1100110000000001101100000001010
1111110000000001111100000001010
1111101010000001010110000001010
1111101010000001110110000001010
1111111111111110010011100001010
0111101111111101010011100001010
0011001111111111110011100001010
0011011101111000111011100001010
0010111001111100001111100001010
1101000111000001110000010001010
0010111001101111101100010101010
1100110000000000001111010101010
0000010101011110101011110101010
1111101010000001110000001101010
1100110000000001011110001101010
0000111110111000110000111101010
0011011111111100000100111101010
0000011111111110010100111101010
0011011101111000001101111101010
0011011101111010101101111101010
0000011101111010011101111101010
1101000110010101101000000011010
1111101000010011000110000011010
1111101010010011000110000011010
0000010111011110111001110011010
0000111111111100000010011011010
0010111001111110010010011011010
1101001000011111000100000111010
1100110000000001011111100111010
0010111001101110100100111111010
0000000011001101010111111111010
0011011111111110011001000000110
0011011111111101011001000000110
0111101111111100111001000000110
0000111011111011101101000000110
0000011101111111010011001000110
0011011101111110010100101000110
0010111001101110110100101000110
1111101000010010100001011000110
0010111001111110100100010100110
1101000110010100111001010100110
0000010101011110110100111100110
0000010011001110111001111100110
0010111011110100110100100010110
0011011111111100001001010010110
0010111001101111111000101010110
1100110000000001101011011010110
1100110000000001101111011010110
0000010101011111001110111010110
0111101111111100000010100110110
0011001111111110100010100110110
0000001111111100110010100110110
1111110000000000001101010110110
1100110000000001011101010110110
0000000000000001111101010110110
1100110000000001111101010110110
1100110000000001011111010110110
0010111001101111001011001110110
1100110000000000001111011110110
1111101010000000000001111110110
1101000110010101110010000001110
1101000110010100111010000001110
0000111011111011001101100001110
0000000000000001111111101001110
0000111111111100000010010101110
0011001111111110010010010101110
0000011101111011001010010101110
0011011101111011011010010101110
0000111011111010100110010101110
0000111010111110010010001101110
0000111011110110010010011101110
0000010011001110111001111101110
1100110000000001011110000011110
0000011101111011110001110011110
0111101111111100001001110011110
0011001111111110101001110011110
0011011111111101101001110011110
0000001111111100111001110011110
0000111010111001011101110011110
0000111010111111001000001011110
0000000011001101110111001111110
0000010101011111000101101111110
0000000011001100111001111111110
1000010000000011000000000000001
1100100010000110101000000000001
1111100010000100111000000000001
1111100010000110111000000000001
1111101010000100111010000000001
1111000101001110010101000000001
0000011101111111000111110000001
1111000101000110010101001000001
1111000101001110010101001000001
1101000110010100001001101000001
1101000110010000001101101000001
1101000111010000001101101000001
1101000110010100001101101000001
1111101000010010100111101000001
1111000101000110110111000100001
1111001001010100110011100100001
1111110000000011000110001100001
1000010000000011110110001100001
1111100010000100001110001100001
1111101010000100001110001100001
1111100010000100111110001100001
1111000101000110100011001100001
1111100011001000001111001100001
1101000110010000001100000010001
1101000110010100001100000010001
1111101000010010101010000010001
1101000111010000001100100010001
1111001001010100001010100010001
1101000110010000000001101010001
1101000110010100000101101010001
1111100010000100110101101010001
1101000110010000001101101010001
1111001001010100111001000110001
1111101010000100000011100110001
1100100010000110010011100110001
1100100010000110110011100110001
1101000110010000111010001110001
1000010000000011111111101110001
1111101010100000111010000001001
1101000110010000111100110001001
0111101111111100000010101001001
1111100011001000001100011001001
1111100010000100000101011001001
1111100010000110100101011001001
1111100010000100001101011001001
1111110000000011001101011001001
1000010000000011111101011001001
1111101010100000110001010101001
0000110111101011100111010101001
0011001111111100000100111101001
1111100011001000000001110011001
1101000110010000110001011011001
0000010111101101011110100111001
1000010000000011000110111111001
1101000110010001011110000000101
1111000101000111010110100000101
1111000101000111000011101000101
1101000110010001011011101000101
0010110111100000111011111000101
0000111010110001101011110100101
1101000110010001101100001100101
0010111001101010010110111100101
0000010101101011110001111100101
0000010111101100111001111100101
1111100010000101100010000010101
1111100010000111100010000010101
1100100010000111110010000010101
1100100010000111111010000010101
1101000110010001010110000010101
0010110111100110110110010010101
1111101010100001100000110010101
0000010111101101011010011010101
0010111001101011011010010110101
0000111010110000111011110110101
1101000110010001100000001110101
1100100010000111000100001110101
1100100010000111100100001110101
1000010000000010101100001110101
1000010000000011101100001110101
1000010000000010111110001110101
1101000111010001100000101110101
1000010000000010111111101110101
0010110111100110010010011110101
0000010111110110100010111110101
0010110111100000001101111110101
0000010111101101010101111101101
0000111010110000111011100111101
1111000101000111010100010000011
0000011101111110010110101000011
1111000101001111000100011000011
1111100010000101101001011000011
1100100010000111111001011000011
0000111010110001101111110100011
0010111001101011010001011100011
1111000101000111001000110010011
1111100010000101100100110010011
1100100010000111110100110010011
0000010101111111001100101010011
0000110111101010101101101010011
0010110111100000111011100110011
0000010111101100111011100110011
0000011100110001111011100110011
0000111010110000111101010110011
1100100010000111000010111110011
1000010000000010101010111110011
0000111010110001101010111110011
1100110000000010011010111110011
1000010000000010101110111110011
1100100010000111000100000001011
1100100010000111100100000001011
1111100010000101110100000001011
1100110000000011001100000001011
1000010000000010101100000001011
1000010000000011101100000001011
1100100010000111101100000001011
0000010111101110110100011001011
0000010101101011111100011001011
1100110000000011001111010101011
1101000110010001100000000011011
1101000110010101101000000011011
0010110111100110010100100011011
0000010101101011110001110011011
0000010111101100111001110011011
0010110111100000001101111011011
0000010111101100000110111111011
0000010101101010100110111111011
0000011111111111001001000000111
0010111001111010110000101000111
0000010101111110010110101000111
0010111001111100000110100100111
1111100010000100001000111100111
1100100010000110100011011010111
0111101111111100000010100110111
1111100010000100000101010110111
1000010000000010111101010110111
0000110111101011000001001110111
0010110111100000000110101110111
1000010000000010111111101001111
0000011111111100000010010101111
1101000110010000110001010101111
1111100010000100001110000011111
1000010000000010111110000011111
0000111010110000001101101011111
0000010111101101011000010111111
0010111001101010110110010111111
0000010100100001011100111111111
0000011100110000000110111111111
